0.358591 0.121497 0.123264 0.0734789 0.186656 0.136514
0.300575 0.157285 0.144415 0.0396412 0.230203 0.127881
0.343804 0.132486 0.109494 0.0752762 0.175717 0.163222
0.35937 0.112542 0.101438 0.0836651 0.177806 0.165179
0.355051 0.101525 0.0981151 0.08018 0.189742 0.175387
0.356173 0.100416 0.107364 0.0728015 0.200069 0.163176
0.347858 0.103584 0.116492 0.0620095 0.213249 0.156807
0.334959 0.111068 0.118609 0.0551606 0.222046 0.158157
0.31392 0.13515 0.0862623 0.0722443 0.204722 0.187701
0.331641 0.124834 0.0821085 0.0855001 0.164401 0.211515
0.350671 0.111541 0.0912994 0.0858416 0.185765 0.174882
0.343043 0.116554 0.0884655 0.0847025 0.179888 0.187347
0.326097 0.121349 0.0950424 0.0693805 0.2058 0.182331
0.293874 0.14776 0.0516757 0.100644 0.18628 0.219766
0.299048 0.147181 0.062374 0.0901559 0.190586 0.210655
0.287565 0.152182 0.0488993 0.102546 0.152198 0.256609
0.354754 0.102709 0.122617 0.0607636 0.189373 0.169784
0.34571 0.107668 0.121476 0.0577128 0.195472 0.171961
0.349302 0.108859 0.117476 0.0625176 0.1886 0.173245
0.350168 0.10668 0.112035 0.0666033 0.186352 0.178161
0.273406 0.144414 0.0915781 0.0486507 0.240777 0.201174
0.28794 0.144897 0.0927222 0.0540455 0.226028 0.194367
0.272825 0.171194 0.0846225 0.0568271 0.226541 0.187991
0.304294 0.132726 0.0882052 0.0648822 0.205959 0.203934
0.313785 0.139188 0.0891422 0.0708414 0.218871 0.168173
0.307732 0.140908 0.0918034 0.0651315 0.222324 0.172102
0.318084 0.129569 0.099008 0.0632592 0.230896 0.159183
0.328209 0.120117 0.096493 0.0693419 0.229254 0.156585
0.347469 0.116244 0.101599 0.0758075 0.18705 0.17183
0.278691 0.169651 0.0513167 0.0967054 0.183687 0.21995
0.351421 0.114547 0.0999529 0.0794109 0.179596 0.175073
0.296794 0.149643 0.0456323 0.113978 0.166457 0.227495
0.307632 0.136725 0.0601628 0.0967414 0.18108 0.217659
0.297446 0.144395 0.0608846 0.0903718 0.17862 0.228282
0.295925 0.161526 0.0722454 0.0821139 0.182086 0.206104
0.297584 0.157042 0.0851473 0.0684044 0.178075 0.213748
0.321206 0.13172 0.105674 0.0603277 0.212328 0.168744
0.319134 0.13416 0.0975991 0.0657343 0.207811 0.175561
0.3125 0.13996 0.0987659 0.0622672 0.211677 0.174829
0.310106 0.13962 0.102655 0.0578748 0.21738 0.172365
0.255572 0.165329 0.0716451 0.0566433 0.240902 0.209909
0.281796 0.139064 0.082199 0.0599059 0.215946 0.221089
0.315769 0.139902 0.0796768 0.0811424 0.215678 0.167832
0.312007 0.138791 0.050245 0.116339 0.154754 0.227863
0.311206 0.149199 0.08736 0.0744876 0.214968 0.16278
0.318857 0.138854 0.0888416 0.0747424 0.22208 0.156625
0.318857 0.138854 0.0888416 0.0747424 0.22208 0.156625
0.316401 0.141434 0.0854152 0.0768195 0.214468 0.165462
0.375835 0.0890687 0.0943222 0.094159 0.182443 0.164172
0.374674 0.0890676 0.0967893 0.0910321 0.182823 0.165614
0.365227 0.0963322 0.0869571 0.0963118 0.181985 0.173187
0.353232 0.103859 0.0799852 0.0975021 0.181418 0.184004
0.300471 0.13718 0.0822823 0.0684388 0.213494 0.198134
0.298186 0.155778 0.093754 0.0613857 0.198664 0.192232
0.302305 0.141074 0.0628049 0.0907688 0.171886 0.231161
0.2973 0.140767 0.0838742 0.0656388 0.214232 0.198187
0.312795 0.124771 0.0809666 0.075479 0.205738 0.20025
0.311711 0.123612 0.0757745 0.0801436 0.201841 0.206918
0.308689 0.124593 0.0793864 0.0750614 0.211655 0.200616
0.308206 0.124583 0.0745845 0.0796509 0.201693 0.211282
0.326755 0.120746 0.110938 0.057262 0.202319 0.18198
0.345039 0.111146 0.109078 0.0669567 0.198464 0.169316
0.321851 0.131606 0.0973425 0.0664583 0.172989 0.209753
0.350799 0.117015 0.0793347 0.100817 0.16723 0.184806
0.270577 0.160329 0.0781934 0.0581945 0.206432 0.226274
0.275648 0.155555 0.0781375 0.0604738 0.200098 0.230087
0.269296 0.163134 0.0778296 0.0581797 0.213494 0.218066
0.29989 0.143464 0.0903539 0.0619773 0.214601 0.189715
0.300538 0.140175 0.0794376 0.0713514 0.183708 0.22479
0.304047 0.132137 0.0841817 0.0682696 0.195442 0.215922
0.465963 0.0108182 0.0664448 0.180512 0.0676029 0.20866
0.337402 0.11182 0.109948 0.0622382 0.187225 0.191367
0.341196 0.111869 0.103506 0.0693972 0.206885 0.167148
0.351604 0.0963075 0.131738 0.0530248 0.224568 0.142757
0.31728 0.13106 0.136203 0.0404049 0.230347 0.144706
0.337599 0.117816 0.110074 0.0635566 0.211769 0.159186
0.334415 0.11746 0.0851202 0.082621 0.185157 0.195226
0.350846 0.108207 0.0912969 0.0850871 0.178545 0.186018
0.351031 0.10403 0.0942092 0.0818094 0.193616 0.175304
0.330181 0.120672 0.0876413 0.0781493 0.188312 0.195045
0.338737 0.135871 0.0904633 0.0892289 0.183391 0.162309
0.389344 0.0956274 0.188148 0.0739136 0.177396 0.0755714
0.353166 0.114319 0.105406 0.0764903 0.1988 0.151818
0.312994 0.13811 0.0506955 0.115361 0.166517 0.216323
0.2899 0.15137 0.115745 0.0428101 0.259756 0.140418
0.290266 0.150459 0.11121 0.0446993 0.252312 0.151054
0.306645 0.130502 0.105913 0.0524089 0.239862 0.164669
0.282827 0.149191 0.0698976 0.0716717 0.227874 0.198538
0.325631 0.130877 0.0559379 0.116368 0.152992 0.218195
0.313932 0.155997 0.0721212 0.0984746 0.156062 0.203413
0.313015 0.149464 0.0651325 0.10128 0.157324 0.213785
0.299127 0.158123 0.0619296 0.0971434 0.153394 0.230284
0.331811 0.124172 0.119582 0.0549508 0.20329 0.166195
0.347602 0.120324 0.101862 0.0775063 0.188928 0.163778
0.343545 0.124624 0.106232 0.0728164 0.190745 0.162038
0.34696 0.118886 0.130302 0.0555674 0.184396 0.16389
0.298753 0.151663 0.0749599 0.0772807 0.176126 0.221216
0.298484 0.157256 0.0921949 0.0634046 0.195594 0.193066
0.325816 0.127193 0.0837953 0.0803949 0.197295 0.185506
0.315437 0.130209 0.0890899 0.069746 0.204428 0.19109
0.324197 0.13943 0.095804 0.0725632 0.185585 0.182421
0.321138 0.134791 0.0932428 0.0708149 0.203968 0.176046
0.329365 0.122832 0.101658 0.0659168 0.196651 0.183578
0.322761 0.134451 0.10085 0.0654391 0.195578 0.18092
0.339705 0.119147 0.102199 0.0712307 0.20701 0.160709
0.313458 0.132476 0.0927028 0.0659848 0.218062 0.177316
0.349516 0.111908 0.0813149 0.0955349 0.159822 0.201904
0.359802 0.103487 0.101981 0.0798479 0.173218 0.181665
0.348235 0.113571 0.109663 0.0691904 0.199421 0.15992
0.349161 0.111006 0.108696 0.0699811 0.209102 0.152054
0.347072 0.116506 0.114399 0.0660402 0.201918 0.154065
0.33892 0.121415 0.104126 0.0696537 0.196214 0.169671
0.357666 0.101056 0.10784 0.0733884 0.202975 0.157075
0.316528 0.128203 0.0671283 0.092671 0.172716 0.222754
0.332203 0.123507 0.0862857 0.0812765 0.176 0.200728
0.351872 0.103126 0.119447 0.0617694 0.203627 0.160159
0.398035 0.0647505 0.153034 0.0577774 0.21168 0.114723
0.294818 0.0767253 0.0055511 0.219623 0.0740547 0.329229
0.304317 0.133348 0.079833 0.072636 0.302189 0.107677
0.411747 0.0611451 0.127974 0.0811777 0.199194 0.118762
0.29895 0.129227 0.137878 0.0308722 0.237078 0.165995
0.324105 0.119762 0.104332 0.0609011 0.225461 0.165438
0.344381 0.114272 0.110302 0.0665113 0.204863 0.15967
0.324943 0.127996 0.107448 0.0601181 0.202959 0.176535
0.346747 0.116447 0.111151 0.0677193 0.188455 0.169479
0.346449 0.106502 0.126771 0.0550348 0.22279 0.142454
0.346449 0.106502 0.126771 0.0550348 0.22279 0.142454
0.336869 0.118381 0.094327 0.0755576 0.176161 0.198705
0.341656 0.111647 0.0941074 0.0775522 0.192515 0.182522
0.343334 0.118855 0.0873175 0.0868117 0.160138 0.203544
0.362352 0.102988 0.088771 0.094121 0.171107 0.180661
0.34404 0.116788 0.0905749 0.0833832 0.167545 0.197669
0.370085 0.0835935 0.142765 0.0537489 0.23733 0.112477
0.367735 0.0862289 0.139909 0.0547274 0.237969 0.113431
0.364115 0.0893428 0.138976 0.0538138 0.231705 0.122047
0.384087 0.07964 0.145295 0.0588785 0.22622 0.10588
0.301835 0.144712 0.0547804 0.102056 0.171444 0.225173
0.295343 0.153242 0.0569842 0.096701 0.173205 0.224525
0.328756 0.136172 0.0774308 0.0934861 0.151098 0.213057
0.333422 0.133773 0.0765607 0.0977 0.15103 0.207514
0.317767 0.12572 0.108084 0.0558473 0.23665 0.155931
0.297966 0.132602 0.0737353 0.0752857 0.188623 0.231788
0.331273 0.107257 0.113606 0.0569397 0.219562 0.171363
0.340299 0.102947 0.125977 0.0523005 0.238749 0.139727
0.328379 0.12516 0.118134 0.0537424 0.19175 0.182834
0.342248 0.112389 0.121186 0.0573217 0.213642 0.153213
0.292881 0.142698 0.097145 0.0530521 0.232404 0.18182
0.334977 0.107629 0.143711 0.0403855 0.235059 0.138238
0.290775 0.146567 0.0794471 0.0666932 0.223449 0.193069
0.312004 0.135524 0.0887437 0.0689462 0.206854 0.187929
0.338118 0.117906 0.108398 0.0652086 0.214616 0.155753
0.344048 0.115321 0.102852 0.0724563 0.207183 0.15814
0.310118 0.139738 0.0738924 0.0829089 0.201411 0.191931
0.320315 0.143359 0.0801665 0.0860026 0.18398 0.186177
0.320315 0.143359 0.0801665 0.0860026 0.18398 0.186177
0.332758 0.129929 0.0947588 0.0759135 0.179446 0.187195
0.294616 0.151126 0.0762121 0.072857 0.176964 0.228225
0.325323 0.127013 0.0998619 0.0654971 0.1723 0.210005
0.300196 0.156061 0.0760154 0.0791584 0.172921 0.215647
0.300196 0.156061 0.0760154 0.0791584 0.172921 0.215647
0.311405 0.147518 0.0805042 0.0799582 0.197536 0.18308
0.337424 0.122593 0.123096 0.0577281 0.233038 0.126121
0.32939 0.121331 0.110452 0.0601874 0.247143 0.131498
0.347693 0.123246 0.122074 0.0649613 0.199682 0.142344
0.327657 0.134156 0.0613693 0.111567 0.1603 0.204951
0.323919 0.136644 0.0634543 0.10598 0.168257 0.201746
0.344613 0.126194 0.0613963 0.126798 0.139702 0.201297
0.336238 0.142706 0.0885864 0.095219 0.142972 0.19428
0.326414 0.133062 0.105181 0.0650851 0.219996 0.150262
0.324909 0.133846 0.0792126 0.086577 0.166835 0.208621
0.308321 0.14351 0.0990227 0.0610808 0.233342 0.154724
0.32529 0.131189 0.0946769 0.0718555 0.230916 0.146073
0.344622 0.130764 0.0803457 0.103043 0.157278 0.183948
0.324775 0.139729 0.0710771 0.0985737 0.173348 0.192498
0.338253 0.129998 0.0985141 0.0771958 0.177871 0.178168
0.371399 0.10455 0.0952983 0.0958138 0.16404 0.1689
0.316136 0.151084 0.120159 0.0561449 0.203174 0.153302
0.297727 0.167791 0.0969749 0.0641933 0.178308 0.195006
0.295513 0.170065 0.0965595 0.0637699 0.174521 0.199572
0.326363 0.1402 0.100785 0.0709149 0.191321 0.170417
0.331717 0.119086 0.110007 0.0611297 0.241708 0.136353
0.293897 0.166133 0.0801204 0.0747546 0.20162 0.183474
0.30392 0.15911 0.0849423 0.0756875 0.213134 0.163207
0.31732 0.156793 0.0820605 0.090882 0.178748 0.174197
0.333569 0.125146 0.0759441 0.0936755 0.173286 0.198379
0.319962 0.131502 0.0753956 0.0860772 0.191881 0.195182
0.332617 0.138545 0.086512 0.0893606 0.23359 0.119375
0.320343 0.135607 0.0705283 0.0931225 0.18267 0.197729
0.361983 0.107806 0.0977949 0.0869067 0.185798 0.159711
0.346463 0.111834 0.0957164 0.0789677 0.18426 0.182759
0.372611 0.102463 0.0938517 0.0971423 0.174503 0.159428
0.383643 0.0884287 0.0991772 0.0945876 0.18111 0.153053
0.336056 0.11726 0.0794944 0.0893763 0.183893 0.19392
0.346036 0.110193 0.102134 0.0729237 0.198561 0.170151
0.356212 0.116848 0.112111 0.0740347 0.168225 0.172569
0.356913 0.107857 0.12727 0.0606964 0.198622 0.148643
0.308037 0.142601 0.0736141 0.0825981 0.188021 0.205129
0.314196 0.136333 0.0994096 0.0620345 0.221093 0.166934
0.322111 0.125334 0.0940242 0.0685871 0.208784 0.18116
0.308728 0.140601 0.0891247 0.0676313 0.200009 0.193906
0.350338 0.12532 0.0867653 0.0977889 0.154918 0.18487
0.342287 0.122071 0.088418 0.08612 0.171159 0.189945
0.356403 0.114195 0.0802891 0.104144 0.143134 0.201834
0.356403 0.114195 0.0802891 0.104144 0.143134 0.201834
0.309113 0.154845 0.0855695 0.0768259 0.173608 0.200038
0.311849 0.140778 0.0704581 0.0885057 0.17585 0.212559
0.312471 0.138158 0.0822605 0.0756617 0.18431 0.207138
0.327813 0.136064 0.0929427 0.076216 0.16992 0.197045
0.298086 0.154414 0.0627111 0.0917745 0.180837 0.212178
0.287419 0.158268 0.0542547 0.0954877 0.17928 0.225289
0.272716 0.165788 0.0629421 0.0754012 0.197733 0.22542
0.288206 0.154448 0.0629151 0.0836992 0.182503 0.228228
0.303622 0.126058 0.0919056 0.0615675 0.219169 0.197677
0.30776 0.129923 0.0782605 0.0756582 0.206041 0.202358
0.335054 0.110974 0.117624 0.0558014 0.216634 0.163913
0.296077 0.151825 0.0867 0.0643452 0.194821 0.206232
0.350592 0.107077 0.105296 0.0722078 0.180919 0.183909
0.335162 0.123507 0.11365 0.0605863 0.194097 0.172998
0.284781 0.15104 0.0684002 0.0746085 0.172785 0.248386
0.334123 0.113694 0.112621 0.0588347 0.184444 0.196283
0.326211 0.119289 0.107935 0.059275 0.227264 0.160027
0.339976 0.121222 0.118199 0.061311 0.223345 0.135947
0.276309 0.162686 0.0510942 0.0916704 0.20218 0.21606
0.333761 0.116281 0.109226 0.0618867 0.225934 0.15291
0.299083 0.137229 0.0821372 0.0678358 0.205684 0.208031
0.307536 0.135472 0.0781793 0.0760559 0.193777 0.20898
0.307634 0.128232 0.0775817 0.0762382 0.196151 0.214163
0.335716 0.114143 0.0871497 0.0809904 0.192103 0.189898
0.28504 0.165002 0.0825764 0.064903 0.219985 0.182494
0.303768 0.144897 0.106397 0.0543397 0.252365 0.138234
0.328176 0.114488 0.131041 0.0456379 0.255237 0.12542
0.291059 0.13681 0.107283 0.045044 0.255791 0.164013
0.300304 0.166442 0.0780715 0.0836309 0.169835 0.201716
0.262814 0.165102 0.04858 0.0867249 0.166851 0.269927
0.337475 0.122679 0.0620375 0.115518 0.135087 0.227203
0.345523 0.121549 0.0774449 0.101274 0.145411 0.208797
0.304497 0.146875 0.08649 0.0686368 0.178199 0.215302
0.345645 0.133558 0.0901295 0.096042 0.153256 0.181369
0.341271 0.11607 0.0936759 0.0786166 0.203532 0.166834
0.325527 0.123954 0.0956425 0.0687261 0.18108 0.20507
0.249346 0.173602 0.0672677 0.0578929 0.234826 0.217065
0.258243 0.17877 0.0639347 0.0676239 0.189959 0.241469
0.239743 0.197156 0.0564521 0.067824 0.204087 0.234738
0.264339 0.181244 0.0689322 0.0678474 0.19222 0.225418
0.309436 0.136886 0.0797709 0.0758505 0.184503 0.213554
0.34409 0.106111 0.112201 0.063548 0.215077 0.158972
0.310853 0.137904 0.0806024 0.0761574 0.192003 0.202481
0.339925 0.124963 0.0968769 0.0774425 0.1723 0.188493
0.320575 0.133154 0.0712403 0.0916652 0.182038 0.201328
0.311901 0.151103 0.0804083 0.0824498 0.171166 0.202972
0.333112 0.124151 0.0728966 0.0963443 0.182855 0.190641
0.318229 0.135817 0.0662344 0.0968244 0.175889 0.207006
0.350909 0.105383 0.12273 0.0598826 0.221984 0.139111
0.345133 0.109432 0.118323 0.0601374 0.209828 0.157147
0.314774 0.13222 0.0829573 0.0752776 0.207945 0.186826
0.323455 0.105472 0.134116 0.0410658 0.248076 0.147815
0.26305 0.176367 0.0654085 0.0687111 0.217414 0.20905
0.367576 0.0959236 0.133966 0.059099 0.194487 0.148949
0.369481 0.0962537 0.123395 0.0671829 0.184026 0.159662
0.365743 0.0985377 0.123648 0.0656143 0.194746 0.151711
0.358082 0.0984223 0.0858413 0.0934486 0.188675 0.175531
0.331495 0.127191 0.107423 0.0649446 0.224855 0.144092
0.328561 0.125102 0.0851146 0.0804616 0.207897 0.172864
0.314984 0.136021 0.0712942 0.0884797 0.170463 0.218758
0.352048 0.113561 0.0893151 0.089514 0.190554 0.165007
0.329832 0.139423 0.0802892 0.0928303 0.173704 0.18392
0.3177 0.137538 0.0669615 0.096316 0.169386 0.212098
0.322312 0.145046 0.078404 0.0909884 0.174605 0.188644
0.29571 0.161037 0.0979619 0.0581474 0.18792 0.199224
0.315763 0.146077 0.113174 0.0562745 0.194953 0.173758
0.305162 0.133732 0.0990882 0.0567478 0.225279 0.179991
0.320239 0.12656 0.0984707 0.0640862 0.209902 0.180742
0.371701 0.0960346 0.13082 0.0629694 0.172369 0.166106
0.334893 0.125292 0.0849335 0.0851323 0.162262 0.207487
0.323794 0.13931 0.0808638 0.0869152 0.138384 0.230733
0.307284 0.141311 0.0619296 0.0959423 0.160212 0.233321
0.302054 0.148474 0.0895139 0.0650985 0.202383 0.192477
0.352376 0.113494 0.0859113 0.0933213 0.162162 0.192735
0.333617 0.126901 0.104082 0.0676839 0.18806 0.179656
0.332155 0.134241 0.0982905 0.0741248 0.16726 0.193929
0.284066 0.150088 0.0855084 0.0581457 0.211318 0.210875
0.311233 0.141808 0.0937118 0.0658666 0.205922 0.181459
0.324024 0.134465 0.0957556 0.0707068 0.205464 0.169584
0.307275 0.143 0.0936685 0.0636138 0.206277 0.186166
0.367649 0.0943228 0.125551 0.0645507 0.202897 0.145029
0.373048 0.088233 0.125301 0.0664962 0.202514 0.144407
0.37135 0.0892489 0.127579 0.0642023 0.204535 0.143085
0.37 0.0907381 0.127465 0.0638534 0.205769 0.142174
0.317072 0.138755 0.0994505 0.064395 0.208363 0.171964
0.341804 0.121315 0.0870868 0.0867783 0.195251 0.167765
0.341804 0.121315 0.0870868 0.0867783 0.195251 0.167765
0.305877 0.15573 0.115953 0.0552749 0.233176 0.13399
0.317936 0.139406 0.0763246 0.0864025 0.162842 0.217089
0.32942 0.116491 0.0969041 0.0690803 0.200579 0.187525
0.316088 0.14349 0.0907056 0.072321 0.18719 0.190205
0.30718 0.136797 0.0872813 0.0675856 0.204725 0.196431
0.362315 0.103401 0.0965625 0.086552 0.18131 0.169859
0.349166 0.11869 0.0971463 0.0823818 0.203877 0.148739
0.358612 0.109495 0.092383 0.0900537 0.190511 0.158945
0.371766 0.0912008 0.106137 0.0812446 0.200998 0.148654
0.374954 0.102659 0.0918201 0.101656 0.169954 0.158957
0.368038 0.100593 0.107757 0.0797391 0.180843 0.16303
0.358197 0.110031 0.114974 0.0709278 0.194733 0.151137
0.34747 0.112151 0.103489 0.0729671 0.187658 0.176265
0.301604 0.131024 0.068382 0.0827666 0.189901 0.226323
0.319201 0.121278 0.0773958 0.0822502 0.177955 0.22192
0.305951 0.130307 0.0554687 0.101088 0.168408 0.238777
0.310413 0.12312 0.0826208 0.0728337 0.205828 0.205184
0.351153 0.107715 0.0972153 0.0798766 0.210619 0.153421
0.319571 0.130747 0.0763266 0.0845848 0.213204 0.175567
0.36269 0.098624 0.0972159 0.0851013 0.203928 0.152441
0.37671 0.107125 0.1036 0.0957244 0.158604 0.158237
0.285189 0.141282 0.0835296 0.0600389 0.233237 0.196723
0.304462 0.125722 0.105899 0.0512647 0.229525 0.183128
0.323657 0.115342 0.0993131 0.0644061 0.216501 0.180782
0.324699 0.108699 0.095273 0.068767 0.203269 0.199293
0.299066 0.135485 0.0530566 0.100483 0.170584 0.241325
0.271444 0.175052 0.0579524 0.0855109 0.147784 0.262256
0.335008 0.116333 0.0909738 0.0772665 0.198338 0.18208
0.331351 0.118708 0.0871504 0.0790238 0.188306 0.195461
0.334009 0.141266 0.0656425 0.121969 0.137926 0.199188
0.333542 0.138313 0.0752359 0.10388 0.138972 0.210056
0.30864 0.152428 0.067886 0.0941203 0.177855 0.199071
0.32275 0.139585 0.0757301 0.0910563 0.177784 0.193095
0.381851 0.0942099 0.120007 0.0779671 0.180799 0.145165
0.361323 0.113388 0.102097 0.0854908 0.181231 0.156471
0.359136 0.116135 0.0968955 0.0897839 0.172147 0.165904
0.359136 0.116135 0.0968955 0.0897839 0.172147 0.165904
0.319454 0.145227 0.0738749 0.0935832 0.166999 0.200862
0.333303 0.126032 0.0739175 0.096133 0.172184 0.19843
0.330073 0.136079 0.0990776 0.0727224 0.172441 0.189607
0.366825 0.105238 0.11422 0.0752872 0.17209 0.16634
0.317927 0.148101 0.0984358 0.0689625 0.161092 0.205482
0.327146 0.13029 0.087246 0.0787503 0.168817 0.207751
0.328276 0.132798 0.0883485 0.0794407 0.158898 0.212239
0.327317 0.129326 0.0832239 0.0825859 0.163877 0.21367
0.341236 0.10929 0.105648 0.0674643 0.217646 0.158716
0.353119 0.0974914 0.10292 0.0747854 0.221062 0.150623
0.350094 0.100533 0.101665 0.0744662 0.205204 0.168038
0.363286 0.093539 0.104878 0.0778858 0.193398 0.167014
0.28922 0.148472 0.0987984 0.0508727 0.236312 0.176325
0.2662 0.168449 0.0455956 0.0933177 0.200357 0.22608
0.324607 0.120355 0.119159 0.0509004 0.221406 0.163573
0.349214 0.103958 0.100778 0.0750233 0.208864 0.162163
0.367243 0.100721 0.114927 0.0738457 0.196569 0.146694
0.371023 0.102112 0.110407 0.0803133 0.171931 0.164215
0.316228 0.140573 0.076208 0.0854012 0.181053 0.200537
0.338265 0.128074 0.0797349 0.0945996 0.177978 0.181349
0.27843 0.154869 0.0467661 0.0983266 0.174994 0.246614
0.260566 0.173974 0.0491981 0.085548 0.197842 0.232871
0.30197 0.133826 0.0854282 0.0661934 0.20321 0.209373
0.270503 0.16678 0.050869 0.0891703 0.186224 0.236453
0.293208 0.156456 0.0599692 0.0923268 0.170837 0.227203
0.325874 0.152195 0.0778735 0.104227 0.146653 0.193179
0.327806 0.130352 0.0992036 0.0689843 0.200203 0.173452
0.307413 0.149267 0.0761853 0.081852 0.185094 0.200189
0.351047 0.103532 0.103164 0.0739038 0.20253 0.165824
0.351619 0.112338 0.0779225 0.101288 0.155906 0.200927
0.297919 0.148097 0.0596422 0.0937012 0.163213 0.237427
0.298716 0.146327 0.0588042 0.0944955 0.175873 0.225784
0.3187 0.148228 0.0790387 0.0891189 0.158615 0.206299
0.306754 0.153911 0.0797085 0.0799755 0.173682 0.205969
0.328252 0.139729 0.0804802 0.0915591 0.157674 0.202306
0.312099 0.150852 0.0892147 0.0737636 0.172573 0.201497
0.308821 0.137733 0.0939231 0.0633882 0.225677 0.170457
0.276664 0.148551 0.0702448 0.0680968 0.204779 0.231665
0.33504 0.114529 0.114166 0.0586703 0.220718 0.156876
0.330248 0.11814 0.108544 0.0605471 0.209836 0.172685
0.33639 0.124355 0.113678 0.0625273 0.214095 0.148954
0.326324 0.120442 0.132042 0.0453983 0.248164 0.127631
0.345558 0.106438 0.117531 0.0603444 0.204507 0.165621
0.340213 0.0999829 0.117436 0.0579723 0.221469 0.162926
0.291229 0.133534 0.0890444 0.0584513 0.210741 0.217001
0.226434 0.141411 0.00613535 0.170815 0.192186 0.263019
0.330499 0.105153 0.0739984 0.0923295 0.194382 0.203638
0.353927 0.0944776 0.10162 0.076319 0.195464 0.178192
0.376681 0.0902856 0.0961136 0.0931847 0.173763 0.169972
0.344912 0.10811 0.0996638 0.0741427 0.211867 0.161305
0.375915 0.0843816 0.0894884 0.0986285 0.162814 0.188772
0.36011 0.0996867 0.116853 0.0675487 0.202059 0.153742
0.309226 0.148158 0.0609507 0.100535 0.191443 0.189687
0.274676 0.171395 0.0547145 0.0876959 0.229674 0.181845
0.310507 0.151836 0.0739606 0.0882374 0.189715 0.185745
0.303785 0.146097 0.0725852 0.0815639 0.2038 0.192169
0.333558 0.127104 0.0841856 0.0855365 0.165903 0.203712
0.300018 0.154258 0.0599046 0.0968916 0.183477 0.20545
0.283819 0.161758 0.0514998 0.0974412 0.184428 0.221054
0.330786 0.127312 0.0731654 0.0953973 0.176856 0.196483
0.351448 0.0929453 0.13411 0.051403 0.209816 0.160278
0.333648 0.119246 0.0994519 0.0696403 0.205662 0.172351
0.36388 0.0910148 0.124603 0.0627859 0.210693 0.147024
0.350828 0.108338 0.106573 0.0718379 0.201639 0.160784
0.348949 0.122514 0.0995613 0.0817585 0.182663 0.164555
0.336895 0.13451 0.107243 0.072349 0.194938 0.154064
0.352304 0.120148 0.100081 0.0830506 0.185136 0.15928
0.33686 0.1326 0.0997627 0.0767874 0.191765 0.162225
0.378948 0.09917 0.121039 0.079842 0.209379 0.111622
0.380752 0.0925884 0.0956621 0.0974185 0.184487 0.149093
0.391475 0.0882902 0.0759693 0.12843 0.151007 0.164829
0.408445 0.0732793 0.103363 0.104025 0.162798 0.148089
0.286546 0.15955 0.0878204 0.0597366 0.220303 0.186044
0.291365 0.158516 0.0817139 0.0677332 0.208746 0.191926
0.289884 0.157514 0.082436 0.0658087 0.216858 0.187499
0.280844 0.157411 0.0731559 0.0683223 0.203039 0.217228
0.326707 0.121978 0.111775 0.0572397 0.225062 0.157239
0.364437 0.0985701 0.107943 0.076845 0.200683 0.151522
0.37074 0.100655 0.0862815 0.102564 0.165135 0.174624
0.381667 0.092907 0.0944856 0.0994927 0.180552 0.150896
0.263026 0.157418 0.0740782 0.0579313 0.229969 0.217577
0.343559 0.0868414 0.0624837 0.116137 0.181854 0.209125
0.291934 0.136751 0.0805986 0.0657775 0.210814 0.214124
0.291934 0.136751 0.0805986 0.0657775 0.210814 0.214124
0.319646 0.126459 0.0956486 0.0659375 0.197159 0.19515
0.302329 0.138491 0.0607177 0.092674 0.187679 0.21811
0.299321 0.139271 0.072032 0.0779511 0.201641 0.209783
0.298426 0.146091 0.0697254 0.0809958 0.187089 0.217673
0.362531 0.10772 0.118652 0.0706436 0.195635 0.144818
0.360407 0.11244 0.119669 0.0705848 0.190949 0.145951
0.347694 0.114334 0.113481 0.0664653 0.206541 0.151484
0.334671 0.118046 0.11821 0.0560894 0.20731 0.165673
0.359489 0.108457 0.0736612 0.113075 0.126391 0.218927
0.355455 0.120338 0.0823734 0.107039 0.117946 0.216848
0.387575 0.0863614 0.0863936 0.110853 0.137897 0.19092
0.386682 0.0836113 0.0669706 0.135568 0.120869 0.206299
0.324351 0.124552 0.0983788 0.0661425 0.210312 0.176265
0.333371 0.119127 0.101435 0.0678559 0.206813 0.171398
0.300873 0.13922 0.0703585 0.0806289 0.200133 0.208787
0.299742 0.140342 0.0585089 0.0940721 0.185743 0.221592
0.184513 0.193059 0.049244 0.0447548 0.229922 0.298507
0.191063 0.19411 0.0430632 0.0533623 0.224505 0.293896
0.183485 0.207722 0.0360636 0.0568569 0.214887 0.300986
0.270309 0.137346 0.102056 0.0412241 0.240892 0.208172
0.338593 0.107224 0.0927375 0.0769294 0.216857 0.167659
0.340681 0.10773 0.0961738 0.0748889 0.208947 0.171579
0.338971 0.11344 0.0925001 0.0777985 0.210242 0.167049
0.350787 0.0826291 0.0890866 0.0894248 0.229839 0.158233
0.352774 0.113559 0.0713249 0.110929 0.157798 0.193614
0.372517 0.10088 0.0755718 0.117088 0.160542 0.1734
0.363917 0.107574 0.0741805 0.114342 0.161809 0.178176
0.34941 0.116349 0.069035 0.112362 0.15553 0.197314
0.266081 0.163799 0.0473856 0.0896075 0.206157 0.22697
0.293572 0.130015 0.0830022 0.0646957 0.241376 0.18734
0.251989 0.173393 0.0457338 0.0838337 0.204486 0.240564
0.26556 0.155734 0.0583945 0.0748982 0.209204 0.23621
0.261289 0.171071 0.0354692 0.107533 0.18168 0.242957
0.278298 0.158017 0.036091 0.117727 0.166867 0.243
0.28959 0.147862 0.0411187 0.115013 0.162195 0.244221
0.280031 0.155134 0.0392987 0.112479 0.163727 0.24933
0.190358 0.191398 0.00486031 0.137292 0.180183 0.295908
0.274924 0.151472 0.057392 0.0811237 0.208013 0.227076
0.283223 0.156098 0.0483675 0.0990495 0.199923 0.213339
0.289395 0.141009 0.0561972 0.0905666 0.196637 0.226195
0.367259 0.0971766 0.0906118 0.0940315 0.199795 0.151127
0.378221 0.0878323 0.0835372 0.106931 0.172907 0.170572
0.371441 0.0994293 0.0893423 0.0992036 0.176775 0.163809
0.378429 0.0962899 0.0988135 0.0942734 0.191425 0.14077
0.358322 0.0926826 0.0947865 0.0845434 0.205924 0.163741
0.329915 0.112516 0.0506207 0.122295 0.158399 0.226254
0.359247 0.0921649 0.0935882 0.086137 0.202138 0.166724
0.348866 0.103839 0.0984386 0.0768448 0.207538 0.164474
0.314589 0.102188 0.0260379 0.161196 0.156643 0.239346
0.324571 0.0941854 0.0387402 0.145698 0.193644 0.203162
0.249672 0.134652 0.00138174 0.286519 0.127559 0.200216
0.355098 0.0696372 0.0255549 0.191271 0.113474 0.244966
0.272012 0.13555 0.0396259 0.105009 0.184598 0.263205
0.361765 0.0797325 0.156906 0.042248 0.250813 0.108536
0.371066 0.0743787 0.152165 0.0480654 0.22531 0.129014
0.377186 0.0704401 0.144384 0.0550574 0.221654 0.131277
0.362135 0.0959624 0.0882918 0.0930092 0.184094 0.176507
0.366252 0.093318 0.0822095 0.101663 0.176738 0.179819
0.311804 0.139941 0.0682087 0.0905232 0.193782 0.195741
0.33621 0.121438 0.0756835 0.0945537 0.191257 0.180858
0.351317 0.11096 0.122545 0.0610507 0.196862 0.157265
0.366492 0.0879016 0.136943 0.0558006 0.224517 0.128346
0.319283 0.133348 0.0908834 0.0710524 0.195335 0.190099
0.320293 0.134584 0.0959462 0.0678335 0.200229 0.181114
0.354448 0.0908733 0.114772 0.0659529 0.216574 0.15738
0.371781 0.0889896 0.123674 0.0672771 0.211965 0.136314
0.360385 0.0865074 0.122324 0.0628886 0.215458 0.152437
0.280932 0.147979 0.0705085 0.0699864 0.187186 0.243408
0.359775 0.105998 0.0686845 0.116719 0.167203 0.18162
0.361315 0.105042 0.0686634 0.117659 0.167239 0.180082
0.348493 0.110654 0.0595813 0.121793 0.16544 0.194039
0.35789 0.105689 0.064799 0.120909 0.152652 0.198061
0.370975 0.094767 0.0990834 0.0878153 0.201822 0.145538
0.375147 0.0922905 0.0990834 0.089924 0.197142 0.146414
0.309549 0.138361 0.049248 0.114365 0.173597 0.21488
0.290371 0.104172 0.00992992 0.19438 0.100708 0.300439
0.208192 0.198223 0.057699 0.0467521 0.236159 0.252975
0.234793 0.182226 0.0596193 0.0579693 0.219023 0.24637
0.291311 0.147852 0.0769229 0.0694575 0.203868 0.210589
0.264365 0.158501 0.0606566 0.0717778 0.216201 0.228498
0.316692 0.137529 0.0685938 0.0941258 0.146454 0.236605
0.328828 0.11964 0.061445 0.107165 0.146866 0.236056
0.323796 0.126877 0.0573898 0.111608 0.138621 0.241709
0.306153 0.144751 0.0621939 0.0969968 0.137339 0.252565
0.34762 0.116251 0.0894284 0.0870373 0.195007 0.164655
0.343506 0.113492 0.109183 0.0666983 0.209486 0.157635
0.34444 0.113985 0.10567 0.0700577 0.206115 0.159732
0.321876 0.136574 0.0726348 0.0923779 0.17887 0.197668
0.349461 0.100003 0.0546845 0.127997 0.148211 0.219644
0.32948 0.125637 0.0634701 0.105908 0.171988 0.203516
0.30841 0.143893 0.0572178 0.103479 0.178851 0.20815
0.287923 0.149577 0.0588825 0.0872512 0.186374 0.229992
0.313317 0.137444 0.0577446 0.103894 0.196312 0.191289
0.300117 0.144088 0.0407015 0.122733 0.172484 0.219876
0.352635 0.0959516 0.04597 0.14443 0.140625 0.220388
0.227271 0.0918473 0.00464278 0.210947 0.136153 0.329139
0.22382 0.171833 0.0708921 0.044026 0.209812 0.279617
0.205157 0.191062 0.117326 0.0144438 0.184366 0.287645
0.222005 0.176993 0.0762768 0.0385934 0.223802 0.262329
0.234414 0.16999 0.142573 0.013122 0.18608 0.25382
0.3091 0.142444 0.0678265 0.0897274 0.192924 0.197978
0.364872 0.105448 0.102228 0.0843096 0.192576 0.150567
0.369802 0.10122 0.0959994 0.0919701 0.182068 0.15894
0.340074 0.122097 0.0641436 0.112431 0.172586 0.188668
0.257729 0.162988 0.0852507 0.046551 0.23011 0.217371
0.304108 0.139184 0.0914753 0.0628841 0.227595 0.174753
0.288453 0.143632 0.0695394 0.0747885 0.213221 0.210366
0.307708 0.131267 0.105518 0.0533477 0.243518 0.158641
0.323825 0.118314 0.0814323 0.0804883 0.185184 0.210757
0.328029 0.115467 0.0945795 0.0703407 0.199491 0.192092
0.301787 0.14868 0.101654 0.0553467 0.196518 0.196015
0.303757 0.152946 0.119712 0.0477023 0.213432 0.162451
0.316177 0.124491 0.0700596 0.0886619 0.172962 0.227649
0.31649 0.125578 0.0717694 0.0870085 0.170575 0.228579
0.321289 0.130855 0.0700809 0.0930238 0.171526 0.213225
0.350276 0.107668 0.0858049 0.0901018 0.173642 0.192508
0.330616 0.116597 0.14732 0.0383913 0.231994 0.135082
0.315102 0.136 0.127146 0.0443071 0.213128 0.164317
0.36945 0.108477 0.0954015 0.0964334 0.168496 0.161743
0.304496 0.150275 0.113916 0.049111 0.190978 0.191223
0.312134 0.133975 0.0841635 0.0728043 0.193801 0.203122
0.316769 0.139021 0.0751688 0.0861195 0.214619 0.168302
0.332525 0.122719 0.0883103 0.0795365 0.217619 0.15929
0.323312 0.130046 0.0702716 0.0938806 0.183021 0.19947
0.329609 0.121608 0.0827729 0.0826949 0.200543 0.182771
0.335089 0.115067 0.0865159 0.081358 0.202552 0.179418
0.312279 0.135647 0.0850392 0.0723458 0.186935 0.207754
0.32322 0.133742 0.105491 0.0619472 0.195484 0.180116
0.317018 0.132451 0.098731 0.0634916 0.230337 0.157971
0.274722 0.14361 0.0504926 0.0899416 0.211454 0.22978
0.26035 0.1431 0.0470234 0.0880381 0.220542 0.240947
0.29775 0.134173 0.0537943 0.0984309 0.194272 0.221579
0.281676 0.138772 0.0890255 0.0542286 0.228658 0.20764
0.312945 0.130151 0.0991646 0.0599841 0.192196 0.205558
0.262754 0.174396 0.0948021 0.0441648 0.231016 0.192867
0.235775 0.170441 0.0711836 0.0479907 0.251197 0.223412
0.301863 0.142171 0.0697473 0.0824504 0.184938 0.218831
0.322258 0.135124 0.0897121 0.0746968 0.194806 0.183403
0.310685 0.148453 0.0927722 0.0681303 0.171977 0.207983
0.323014 0.132162 0.0907887 0.0731919 0.183891 0.196952
0.27947 0.160491 0.0375429 0.117612 0.162475 0.242408
0.266409 0.178653 0.0381539 0.1161 0.150437 0.250248
0.332991 0.10449 0.0321613 0.16127 0.111529 0.257559
0.27772 0.161076 0.0498805 0.0948851 0.175198 0.24124
0.304033 0.150308 0.0932764 0.0641856 0.208294 0.179903
0.310718 0.145786 0.091103 0.0690162 0.201121 0.182255
0.289351 0.155411 0.0899886 0.0581994 0.194749 0.212301
0.298146 0.146122 0.0958498 0.057003 0.205057 0.197821
0.25436 0.175632 0.0471624 0.0844948 0.184497 0.253854
0.248211 0.17714 0.0418945 0.0871074 0.212502 0.233145
0.303049 0.152411 0.0881179 0.0685442 0.207621 0.180258
0.326667 0.123293 0.062542 0.104729 0.157004 0.225764
0.31928 0.107622 0.120316 0.0477981 0.254932 0.150051
0.303642 0.12713 0.111155 0.0473727 0.225859 0.184841
0.303732 0.134754 0.0786338 0.0734048 0.196426 0.213049
0.322634 0.126715 0.0830459 0.0789942 0.183273 0.205337
0.277463 0.150203 0.0597556 0.0797811 0.187263 0.245534
0.282084 0.151475 0.0872731 0.0558172 0.21002 0.21333
0.280655 0.155793 0.0751308 0.065993 0.180775 0.241653
0.2799 0.144194 0.0625245 0.0778632 0.189018 0.246501
0.283405 0.149416 0.0935585 0.0514475 0.207515 0.214658
0.257266 0.167882 0.0812199 0.0495467 0.209954 0.23413
0.273651 0.152524 0.0926806 0.0478241 0.207573 0.225747
0.277493 0.14168 0.0868254 0.0541861 0.218136 0.221679
0.350221 0.110094 0.0749115 0.102704 0.170912 0.191157
0.336719 0.123045 0.0780564 0.0928895 0.184175 0.185114
0.319396 0.140327 0.0574402 0.111445 0.177629 0.193763
0.351857 0.111247 0.0799348 0.0983815 0.180818 0.177761
0.373159 0.105887 0.106246 0.0878341 0.150167 0.176706
0.338993 0.12562 0.078053 0.0963609 0.15488 0.206093
0.346305 0.123008 0.0816747 0.0981109 0.138577 0.212323
0.354086 0.116974 0.0935998 0.0885873 0.158211 0.188542
0.319321 0.126066 0.133004 0.0409812 0.213904 0.166724
0.32983 0.123637 0.101561 0.0661281 0.173761 0.205083
0.334601 0.1237 0.0948882 0.0748961 0.177143 0.194772
0.349015 0.115729 0.0900819 0.0872444 0.14866 0.209269
0.346125 0.119094 0.0849729 0.0916192 0.158456 0.199733
0.362596 0.11097 0.0879231 0.0995332 0.136645 0.202333
0.351831 0.109817 0.0943843 0.0831948 0.180888 0.179884
0.355881 0.110436 0.0857131 0.0951282 0.160772 0.19207
0.262706 0.174264 0.0856562 0.049499 0.180098 0.247776
0.248685 0.176762 0.0793781 0.0475789 0.22286 0.224736
0.230614 0.204184 0.0717143 0.0484243 0.198419 0.246645
0.271161 0.161065 0.0920865 0.0474849 0.195385 0.232818
0.315561 0.125001 0.0809955 0.0768497 0.198459 0.203134
0.350896 0.104426 0.0741151 0.102836 0.178921 0.188806
0.350058 0.102558 0.0903037 0.0848504 0.194875 0.177355
0.333779 0.117652 0.0892291 0.0783487 0.196543 0.184449
0.303577 0.149789 0.0661658 0.0901127 0.185251 0.205104
0.315666 0.126549 0.0802864 0.0776884 0.214844 0.184966
0.323819 0.126903 0.0648763 0.10031 0.165511 0.21858
0.319382 0.124646 0.0772317 0.0826633 0.21318 0.182898
0.348134 0.102735 0.0977882 0.0769152 0.174427 0.200001
0.359071 0.0967755 0.0785449 0.101955 0.154451 0.209204
0.383722 0.0949056 0.0783217 0.122116 0.144804 0.176131
0.374954 0.100154 0.079753 0.114297 0.149982 0.18086
0.318515 0.131071 0.0735216 0.0871623 0.172929 0.216801
0.280444 0.151185 0.048437 0.0961872 0.197032 0.226715
0.291584 0.145454 0.0541955 0.0949851 0.19132 0.222461
0.279871 0.138801 0.0420179 0.105648 0.217519 0.216143
0.336826 0.105325 0.0900978 0.0786084 0.211374 0.177768
0.329191 0.112249 0.0882947 0.0765284 0.209228 0.18451
0.354016 0.0983493 0.0926188 0.0844971 0.191227 0.179292
0.287557 0.135092 0.0521276 0.0950227 0.196248 0.233953
0.310362 0.133758 0.0675902 0.088914 0.185472 0.213904
0.263473 0.153089 0.263252 0.00129864 0.144323 0.174564
0.343088 0.112052 0.0987919 0.0745049 0.214535 0.157028
0.329524 0.128982 0.0682412 0.101147 0.168416 0.203689
0.349135 0.105115 0.100968 0.0749846 0.21334 0.156458
0.307128 0.151718 0.0899804 0.0694869 0.187816 0.193872
0.303105 0.155532 0.091684 0.0669407 0.203122 0.179616
0.31661 0.133003 0.0995558 0.0624699 0.216643 0.171718
0.330513 0.129099 0.0542897 0.12475 0.134899 0.226449
0.350888 0.111114 0.0635216 0.119522 0.141952 0.213004
0.356691 0.117953 0.0764365 0.111436 0.153563 0.183921
0.333345 0.130696 0.0583573 0.122112 0.137296 0.218194
0.355764 0.120035 0.0733689 0.118268 0.131591 0.200973
0.336932 0.120759 0.070501 0.101477 0.160439 0.209891
0.365406 0.0984688 0.0607983 0.132055 0.126657 0.216615
0.344843 0.122787 0.0580802 0.131848 0.124914 0.217529
0.357673 0.113396 0.0878245 0.0958311 0.162059 0.183216
0.318622 0.140536 0.0612761 0.108161 0.138507 0.232898
0.317304 0.138021 0.0567523 0.113196 0.128065 0.246662
0.340736 0.12222 0.0684809 0.108955 0.138876 0.220731
0.273764 0.163941 0.0408247 0.106514 0.179127 0.235829
0.329166 0.122335 0.0882003 0.0773835 0.211544 0.171371
0.270425 0.16852 0.0703651 0.0667279 0.207522 0.21644
0.181909 0.213035 0.0311287 0.0625686 0.245147 0.266211
0.244661 0.182242 0.0549781 0.0686795 0.233124 0.216316
0.254437 0.176398 0.0502247 0.0808554 0.174416 0.263669
0.241572 0.187535 0.0649861 0.0574445 0.204348 0.244114
0.23805 0.187359 0.0727537 0.048437 0.21137 0.24203
0.3466 0.123345 0.0961294 0.0829799 0.170046 0.180899
0.348012 0.129204 0.0883007 0.096855 0.150645 0.186984
0.341149 0.121877 0.0838827 0.0898437 0.162389 0.200859
0.321963 0.147238 0.0762749 0.0955199 0.151751 0.207253
0.300057 0.141559 0.0352312 0.135507 0.14263 0.245015
0.266646 0.16712 0.0375258 0.108443 0.164261 0.256004
0.26777 0.168947 0.0394733 0.10703 0.161442 0.255338
0.27367 0.168813 0.0455765 0.100577 0.180326 0.231038
0.381082 0.103553 0.131069 0.133654 0.215651 0.0349906
0.315777 0.138285 0.0609671 0.104376 0.138494 0.2421
0.355949 0.106128 0.100904 0.0789472 0.171637 0.186435
0.342771 0.109952 0.0948505 0.0772181 0.17031 0.204898
0.317179 0.135631 0.0936387 0.0676091 0.171928 0.214014
0.30484 0.143487 0.0658906 0.0894743 0.172353 0.223955
0.305774 0.155309 0.0934366 0.0667691 0.170468 0.208243
0.319274 0.144712 0.122856 0.0504831 0.168023 0.194651
0.363432 0.0925732 0.0866221 0.0952226 0.184689 0.177462
0.37748 0.0868915 0.0971952 0.0920154 0.200015 0.146404
0.382628 0.0861331 0.0800287 0.113757 0.166836 0.170617
0.375501 0.0952444 0.0913335 0.0986606 0.185176 0.154085
0.309545 0.138069 0.0927217 0.0644061 0.190073 0.205186
0.296656 0.151956 0.0979132 0.0560899 0.208865 0.18852
0.301897 0.143914 0.10515 0.0527649 0.233774 0.1625
0.313725 0.118103 0.0935882 0.0648405 0.217996 0.191748
0.330175 0.123234 0.0786945 0.0875292 0.199085 0.181283
0.293773 0.146863 0.0747641 0.072881 0.212412 0.199307
0.2852 0.158849 0.0562613 0.0910689 0.182279 0.226342
0.280853 0.159245 0.0527034 0.0920728 0.19926 0.215867
0.225816 0.199145 0.0524735 0.0623002 0.24495 0.215315
0.222244 0.199299 0.0524857 0.0599486 0.257686 0.208336
0.20261 0.20435 0.0401006 0.0625942 0.260943 0.229402
0.32518 0.128756 0.0918448 0.0732708 0.227936 0.153012
0.280988 0.169841 0.12957 0.0289852 0.0867804 0.303836
0.296351 0.144201 0.0876817 0.0622085 0.205709 0.203849
0.338417 0.126031 0.0868796 0.0862505 0.166876 0.195545
0.344996 0.117109 0.131895 0.0529583 0.192841 0.160201
0.2982 0.149581 0.081761 0.0695176 0.185789 0.215152
0.367508 0.100193 0.105059 0.0817006 0.191925 0.153615
0.30677 0.131422 0.0960374 0.0595543 0.196058 0.210158
0.333683 0.121766 0.095357 0.0736273 0.202007 0.17356
0.198197 0.18766 0.0362917 0.0657175 0.235304 0.27683
0.200122 0.192266 0.0256958 0.0825478 0.232233 0.267136
0.254182 0.147078 0.0563682 0.0732385 0.244157 0.224977
0.324937 0.117383 0.0772406 0.0853323 0.201627 0.193479
0.30009 0.145224 0.0966803 0.057222 0.199417 0.201367
0.336697 0.119035 0.0780111 0.092092 0.146976 0.227188
0.315444 0.134464 0.0645161 0.0967896 0.158953 0.229834
0.311956 0.137775 0.0570845 0.105891 0.145073 0.242222
0.325847 0.125847 0.0721332 0.0926814 0.163824 0.219667
0.3297 0.132882 0.0764917 0.093218 0.167148 0.20056
0.335196 0.11346 0.0825105 0.0852323 0.193191 0.190411
0.305589 0.141838 0.0685643 0.086412 0.171234 0.226363
0.269699 0.175903 0.0574324 0.0830827 0.190697 0.223186
0.262887 0.182898 0.0546151 0.0836636 0.196465 0.219471
0.318451 0.147946 0.0824371 0.0847356 0.170675 0.195755
0.332869 0.130839 0.070117 0.102522 0.171245 0.19241
0.336049 0.12479 0.102956 0.0699675 0.204391 0.161846
0.349089 0.106461 0.0953735 0.0799103 0.184793 0.184374
0.351716 0.105571 0.0957586 0.0809381 0.181342 0.184674
0.330354 0.127883 0.0922112 0.0757241 0.185926 0.187902
0.303032 0.138188 0.0789863 0.0730445 0.224765 0.181984
0.319169 0.131274 0.0700524 0.0911592 0.218667 0.169679
0.306584 0.140912 0.0720481 0.0825894 0.243425 0.154441
0.311247 0.13028 0.0740724 0.0817941 0.229732 0.172874
0.297994 0.13874 0.0864688 0.0636059 0.221683 0.191508
0.327075 0.119109 0.0718515 0.09252 0.184568 0.204876
0.302467 0.141224 0.0468324 0.115209 0.144111 0.250156
0.275119 0.165661 0.048396 0.0966412 0.173389 0.240794
0.301038 0.121656 0.0477693 0.109594 0.185581 0.234361
0.319468 0.110887 0.0495347 0.118027 0.185234 0.216849
0.318289 0.110929 0.0521625 0.113331 0.178582 0.226706
0.325405 0.103718 0.0421984 0.133883 0.166201 0.228594
0.303113 0.105931 0.104049 0.0554286 0.245627 0.185851
0.317817 0.0961761 0.143447 0.0376597 0.215617 0.189283
0.342749 0.0946136 0.113515 0.0627365 0.192126 0.19426
0.345479 0.0928856 0.117983 0.0606172 0.191505 0.19153
0.29644 0.159183 0.0547244 0.102681 0.191174 0.195797
0.311405 0.146864 0.0664558 0.09538 0.179027 0.200869
0.289032 0.162404 0.0791384 0.0695894 0.181247 0.21859
0.272663 0.18001 0.0798428 0.0636304 0.193329 0.210524
0.353605 0.106414 0.106771 0.0729786 0.203875 0.156356
0.37299 0.096932 0.0624445 0.13399 0.152165 0.181479
