0.326748 0.129327 0.0649452 0.102941 0.176429 0.199609
0.324206 0.12646 0.0827612 0.0802242 0.202842 0.183507
0.321553 0.131093 0.0657209 0.0987239 0.166448 0.216461
0.307936 0.146373 0.069681 0.0883057 0.179834 0.207871
0.284929 0.154098 0.0541415 0.0927364 0.166094 0.248001
0.310781 0.133218 0.0553461 0.105512 0.152216 0.242927
0.284481 0.153997 0.0462562 0.103467 0.176675 0.235123
0.268657 0.157537 0.0615569 0.0731623 0.185492 0.253594
0.31392 0.13515 0.0862623 0.0722443 0.204722 0.187701
0.331641 0.124834 0.0821085 0.0855001 0.164401 0.211515
0.350671 0.111541 0.0912994 0.0858416 0.185765 0.174882
0.317663 0.132701 0.0805392 0.0795037 0.183955 0.205637
0.287758 0.155314 0.0798708 0.0661182 0.225667 0.185272
0.293537 0.141649 0.0938011 0.0556915 0.224285 0.191036
0.29421 0.147459 0.0874417 0.0617047 0.20566 0.203525
0.28386 0.143402 0.080294 0.0622166 0.212833 0.217394
0.248759 0.183167 0.0602703 0.0658936 0.227436 0.214474
0.269528 0.171142 0.0652942 0.0719241 0.21679 0.205322
0.331251 0.127585 0.0890994 0.0791752 0.190751 0.182138
0.292617 0.155391 0.0726912 0.0761905 0.217681 0.185428
0.321782 0.136669 0.0686701 0.0970458 0.177844 0.197989
0.325072 0.131542 0.0648549 0.102445 0.178483 0.197603
0.321714 0.135372 0.0638237 0.102659 0.173735 0.202696
0.289062 0.164681 0.0622406 0.0887628 0.195288 0.199966
0.30358 0.127189 0.104392 0.0520333 0.206704 0.206102
0.312739 0.125927 0.1096 0.0520705 0.199392 0.200271
0.302968 0.13472 0.0826717 0.0691858 0.189479 0.220976
0.313512 0.124143 0.112735 0.0502484 0.201996 0.197366
0.35405 0.102853 0.136982 0.0526182 0.226752 0.126746
0.266207 0.183132 0.0382074 0.112118 0.192285 0.208051
0.232968 0.200494 0.0353502 0.0913334 0.220744 0.21911
0.338195 0.113373 0.122523 0.0548731 0.229658 0.141378
0.364312 0.117574 0.104978 0.0891358 0.159937 0.164062
0.368562 0.118016 0.0961264 0.10458 0.149316 0.1634
0.364297 0.118254 0.0913325 0.103903 0.14488 0.177333
0.352619 0.128581 0.106304 0.0854561 0.186147 0.140893
0.271904 0.159044 0.0457427 0.0953611 0.197609 0.23034
0.239119 0.171794 0.0466842 0.0744935 0.211549 0.256361
0.325518 0.132712 0.0761088 0.0897963 0.185711 0.190154
0.349395 0.107199 0.100936 0.0754157 0.204326 0.162728
0.309207 0.131296 0.0938945 0.0624277 0.194189 0.208985
0.306615 0.132286 0.0932606 0.0617531 0.199714 0.206372
0.340495 0.120623 0.102279 0.0715768 0.175504 0.189523
0.314596 0.131417 0.0866302 0.0715302 0.18036 0.215467
0.316469 0.132374 0.0656084 0.0956888 0.153319 0.236541
0.341996 0.115864 0.0654295 0.111075 0.141449 0.224187
0.320526 0.134893 0.0881556 0.0747771 0.194076 0.187572
0.302382 0.151375 0.0699841 0.0855833 0.172447 0.218228
0.290226 0.163821 0.0740566 0.0762174 0.202578 0.193101
0.312128 0.137421 0.0700093 0.0881499 0.180329 0.211962
0.326478 0.133687 0.0757693 0.091695 0.163548 0.208823
0.324115 0.144435 0.0947665 0.0766953 0.197854 0.162134
0.313986 0.131625 0.0823668 0.0752596 0.202288 0.194475
0.276986 0.154572 0.0736137 0.0652954 0.226253 0.20328
0.267915 0.159661 0.0603789 0.0741468 0.206275 0.231624
0.256811 0.180601 0.0713312 0.0598706 0.216409 0.214977
0.370572 0.0941093 0.0775112 0.110405 0.151953 0.195449
0.363433 0.100019 0.0993691 0.0838406 0.190996 0.162343
0.341539 0.110319 0.077965 0.0933412 0.205799 0.171036
0.337403 0.103554 0.137949 0.0445473 0.259369 0.117177
0.267902 0.156469 0.0711516 0.0629473 0.221634 0.219897
0.267962 0.1554 0.0591073 0.0753981 0.19 0.252132
0.27614 0.159098 0.0604026 0.0792141 0.193968 0.231177
0.288874 0.143729 0.0729008 0.0716112 0.213377 0.209508
0.357625 0.121212 0.098629 0.0904534 0.168119 0.163961
0.367101 0.114118 0.105089 0.0892789 0.165269 0.159144
0.385861 0.101073 0.125916 0.0839525 0.172789 0.130408
0.35166 0.102416 0.101775 0.0751491 0.168458 0.200541
0.308442 0.137337 0.101209 0.0572735 0.212232 0.183506
0.315094 0.13613 0.120224 0.0490509 0.228327 0.151175
0.338273 0.118991 0.0975831 0.0738046 0.187929 0.183419
0.330933 0.123107 0.0905922 0.0764424 0.207453 0.171473
0.330501 0.12919 0.0979144 0.071493 0.196936 0.173965
0.302004 0.143036 0.0967085 0.058273 0.222398 0.177581
0.31175 0.145335 0.0883377 0.0718753 0.191441 0.191262
0.296625 0.142837 0.0998971 0.0531633 0.238525 0.168953
0.341362 0.125067 0.0944085 0.0812592 0.196252 0.161651
0.326005 0.133647 0.10617 0.0641915 0.216838 0.153149
0.27086 0.172414 0.0492469 0.0940001 0.181996 0.231483
0.314862 0.132826 0.100744 0.0603818 0.210731 0.180455
0.301503 0.151108 0.0948469 0.0616867 0.217707 0.173147
0.306782 0.144706 0.0935751 0.0638026 0.203033 0.188102
0.305502 0.153398 0.0923905 0.0667733 0.183208 0.198727
0.3322 0.120562 0.0950497 0.0726673 0.19741 0.182111
0.331665 0.122314 0.0935345 0.0739164 0.18453 0.19404
0.321049 0.129433 0.0828191 0.0787217 0.168133 0.219844
0.308367 0.145151 0.0796842 0.0773953 0.180841 0.208561
0.315185 0.125247 0.116456 0.0488756 0.232443 0.161793
0.266299 0.154717 0.0856508 0.049908 0.220262 0.223163
0.304467 0.10122 0.180498 0.0190419 0.217879 0.176895
0.337343 0.114838 0.115657 0.0584939 0.197474 0.176192
0.325917 0.102366 0.13384 0.042272 0.242404 0.153201
0.295091 0.142166 0.0857907 0.0629168 0.209898 0.204136
0.289971 0.147009 0.0748673 0.0705457 0.20145 0.216156
0.290558 0.146634 0.0750236 0.0706968 0.21071 0.206377
0.24013 0.181364 0.0421355 0.0820156 0.204246 0.250108
0.334088 0.136648 0.095468 0.0798994 0.16425 0.189647
0.295136 0.151803 0.0538024 0.100638 0.168176 0.230445
0.338081 0.118727 0.102102 0.0700845 0.205229 0.165776
0.346096 0.100282 0.102347 0.0720386 0.213072 0.166165
0.273526 0.156229 0.0597368 0.0777774 0.232856 0.199875
0.341324 0.111764 0.135258 0.0486488 0.225762 0.137243
0.258464 0.182124 0.0477122 0.0890837 0.189717 0.2329
0.281683 0.157674 0.0836769 0.0594968 0.217057 0.200413
0.314258 0.139554 0.0998262 0.0626974 0.217904 0.16576
0.314258 0.139554 0.0998262 0.0626974 0.217904 0.16576
0.325906 0.108415 0.138367 0.0395695 0.227248 0.160495
0.339316 0.120194 0.114495 0.0622801 0.211659 0.152056
0.307406 0.140801 0.0643409 0.0918008 0.215193 0.180458
0.357748 0.122893 0.11868 0.0756195 0.172099 0.152961
0.348331 0.121215 0.0991994 0.0806876 0.179264 0.171303
0.336726 0.135217 0.11384 0.0667645 0.177147 0.170305
0.371835 0.107082 0.100937 0.0926726 0.175337 0.152136
0.349696 0.129696 0.0862563 0.101603 0.156775 0.175973
0.377119 0.0932763 0.107786 0.0839364 0.195674 0.142209
0.370742 0.103081 0.0937596 0.0958726 0.180599 0.155945
0.285868 0.145063 0.087517 0.0571166 0.225022 0.199413
0.289056 0.149793 0.0870944 0.0593815 0.198747 0.215928
0.296363 0.152421 0.0740596 0.0766691 0.180793 0.219694
0.286978 0.150111 0.0718458 0.0721787 0.213692 0.205195
0.28845 0.153897 0.0387528 0.11999 0.169742 0.229169
0.31716 0.127361 0.0534433 0.111525 0.155866 0.234645
0.303358 0.143859 0.0765456 0.0766116 0.199454 0.200173
0.317163 0.157775 0.0634363 0.119127 0.144485 0.198014
0.335819 0.126068 0.0979674 0.074306 0.202277 0.163562
0.328065 0.127853 0.103022 0.0653756 0.202599 0.173085
0.336564 0.122154 0.0959759 0.0750945 0.200045 0.170166
0.352191 0.101276 0.113554 0.0661001 0.213749 0.15313
0.390655 0.0819224 0.130779 0.0713219 0.184942 0.14038
0.387399 0.0910106 0.129883 0.0747839 0.192455 0.12447
0.38864 0.0845371 0.131924 0.07131 0.20601 0.117579
0.376393 0.0969464 0.11755 0.077439 0.198748 0.132924
0.347852 0.115715 0.0849215 0.0915082 0.186586 0.173417
0.312083 0.138299 0.0762645 0.0814657 0.187038 0.204851
0.347383 0.117348 0.0915718 0.0852704 0.198857 0.15957
0.331495 0.127627 0.11142 0.0629082 0.234867 0.131683
0.381516 0.094287 0.103502 0.0913576 0.173772 0.155566
0.362212 0.118063 0.108949 0.0843252 0.179108 0.147342
0.366367 0.107748 0.103078 0.0860911 0.190927 0.145789
0.355665 0.12778 0.090315 0.103902 0.143969 0.178368
0.280747 0.167249 0.0652243 0.0790905 0.217674 0.190016
0.302943 0.137813 0.0754969 0.0763413 0.228905 0.178501
0.329381 0.135905 0.0805779 0.0896743 0.196031 0.16843
0.356315 0.114373 0.10283 0.0814074 0.202362 0.142712
0.30255 0.13399 0.0852064 0.0667072 0.219141 0.192405
0.314358 0.136712 0.0756299 0.0832321 0.203057 0.187011
0.308418 0.126111 0.0957471 0.060479 0.222855 0.18639
0.296612 0.143006 0.0844087 0.0650654 0.216803 0.194104
0.289554 0.150244 0.0784097 0.0674418 0.216402 0.197949
0.314714 0.129239 0.0886794 0.0697767 0.239919 0.157672
0.303889 0.118855 0.0996589 0.0559489 0.254381 0.167267
0.288929 0.150694 0.0810426 0.0647886 0.219233 0.195313
0.339559 0.115275 0.0877148 0.0828864 0.200881 0.173684
0.3098 0.133323 0.0898932 0.0663282 0.206045 0.194611
0.321471 0.131698 0.104002 0.0615346 0.205035 0.17626
0.299551 0.137917 0.0944364 0.0578524 0.222067 0.188176
0.337074 0.132986 0.0929795 0.0830854 0.188963 0.164913
0.267476 0.173633 0.0482716 0.0928606 0.184095 0.233664
0.244143 0.179282 0.0431572 0.0826224 0.225478 0.225317
0.270447 0.170279 0.0532989 0.0866523 0.196541 0.222782
0.317784 0.130577 0.0892887 0.0710149 0.207378 0.183957
0.321031 0.123789 0.0966244 0.0657039 0.216287 0.176564
0.300311 0.133775 0.089574 0.0618931 0.229886 0.184561
0.336795 0.1173 0.0970502 0.0731666 0.207242 0.168446
0.34063 0.10093 0.115039 0.0597931 0.223943 0.159666
0.347104 0.098115 0.115312 0.0622963 0.218253 0.15892
0.346594 0.10431 0.127842 0.0539864 0.221345 0.145923
0.351114 0.0934633 0.132729 0.0520887 0.221861 0.148743
0.332693 0.137889 0.0929812 0.0817235 0.166106 0.188608
0.312633 0.140725 0.0737676 0.0852518 0.186427 0.201196
0.301494 0.147451 0.0566784 0.100625 0.160186 0.233566
0.286736 0.15673 0.0594692 0.0875373 0.179138 0.23039
0.24896 0.185309 0.0512532 0.0766144 0.232204 0.20566
0.278757 0.148882 0.103716 0.0429157 0.262639 0.16309
0.319154 0.138049 0.103001 0.0629423 0.208611 0.168242
0.274443 0.160995 0.0825709 0.0569072 0.228087 0.196997
0.304995 0.145833 0.112515 0.0508104 0.233472 0.152375
0.291854 0.140607 0.0822073 0.0643657 0.249647 0.171319
0.262082 0.17782 0.0574768 0.0772973 0.20237 0.222954
0.316655 0.147658 0.0979005 0.0689519 0.192649 0.176185
0.337381 0.131447 0.0971134 0.0788971 0.195256 0.159906
0.312245 0.138196 0.0996801 0.0608166 0.208559 0.180503
0.326181 0.12069 0.103814 0.0624076 0.219447 0.16746
0.333597 0.121541 0.0997955 0.0699515 0.212792 0.162323
0.373632 0.0994975 0.123245 0.0726667 0.202322 0.128637
0.366549 0.1107 0.124551 0.0722036 0.191695 0.134302
0.350621 0.125262 0.107952 0.0792608 0.19846 0.138445
0.370344 0.106359 0.109948 0.0833977 0.192678 0.137274
0.360506 0.100831 0.0869441 0.0941827 0.171005 0.186531
0.363295 0.0998674 0.0985876 0.0843397 0.177744 0.176166
0.322462 0.128546 0.0743315 0.0884217 0.167866 0.218373
0.353345 0.12087 0.0984282 0.0857476 0.170587 0.171023
0.340847 0.117589 0.0827155 0.089311 0.172522 0.197015
0.318428 0.140476 0.0740949 0.0895801 0.175586 0.201835
0.329579 0.1251 0.0865406 0.0797225 0.194547 0.184511
0.327332 0.130028 0.0772179 0.0891305 0.175261 0.20103
0.324313 0.122314 0.094896 0.0686885 0.21159 0.178199
0.336145 0.119863 0.0907929 0.0789038 0.214214 0.160082
0.312645 0.140682 0.0577344 0.105334 0.173135 0.210469
0.314624 0.144228 0.0721586 0.0902448 0.176002 0.202742
0.344816 0.120693 0.0874814 0.0885269 0.174584 0.183899
0.335004 0.132879 0.0902431 0.083525 0.182479 0.17587
0.336376 0.107961 0.110752 0.0611641 0.229623 0.154125
0.338386 0.122402 0.0763733 0.0956739 0.195453 0.171712
0.374464 0.106443 0.0987257 0.0971832 0.176469 0.146715
0.385686 0.0936072 0.102821 0.0953475 0.161545 0.160993
0.385686 0.0936072 0.102821 0.0953475 0.161545 0.160993
0.377947 0.10713 0.105322 0.0961055 0.171868 0.141627
0.260658 0.17344 0.0736289 0.0589929 0.260593 0.172687
0.27797 0.166708 0.0759355 0.0663894 0.237999 0.174998
0.305121 0.139087 0.102426 0.0555727 0.243924 0.153869
0.281331 0.163108 0.075331 0.068155 0.238793 0.173281
0.333449 0.122269 0.0976333 0.0712467 0.165857 0.209545
0.314471 0.141085 0.0850011 0.0752965 0.176612 0.207534
0.321889 0.139009 0.0825697 0.0827412 0.173734 0.200058
0.352467 0.111107 0.106837 0.0729818 0.174866 0.181741
0.356707 0.0944008 0.124248 0.0599847 0.214138 0.150521
0.352088 0.0828595 0.148056 0.0437886 0.239011 0.134196
0.337785 0.103633 0.115792 0.0581246 0.20462 0.180046
0.315837 0.109831 0.0965942 0.0643641 0.212014 0.20136
0.361492 0.113124 0.105788 0.0825615 0.189011 0.148024
0.361843 0.114476 0.0873028 0.100992 0.181467 0.153919
0.331146 0.118159 0.12281 0.0522634 0.24043 0.135192
0.298721 0.133958 0.112765 0.0456355 0.28587 0.12305
0.30093 0.137009 0.112473 0.0460581 0.233644 0.169886
0.2394 0.18739 0.0452732 0.0783987 0.203654 0.245884
0.331564 0.126128 0.0964536 0.0725153 0.202249 0.171091
0.354547 0.108946 0.0841493 0.0951143 0.174442 0.182801
0.296769 0.161958 0.106394 0.0545727 0.209053 0.171254
0.31629 0.145905 0.0820482 0.0818236 0.182737 0.191196
0.316293 0.135254 0.0833978 0.0764891 0.210157 0.178409
0.246557 0.174887 0.0850391 0.0431708 0.29089 0.159455
0.371799 0.115304 0.109552 0.0929594 0.159516 0.150871
0.371799 0.115304 0.109552 0.0929594 0.159516 0.150871
0.390316 0.0849026 0.0955203 0.102008 0.178977 0.148276
0.371309 0.0957035 0.116921 0.0731056 0.187021 0.155939
0.326385 0.139625 0.0831502 0.0864888 0.17299 0.191361
0.334381 0.129735 0.0785788 0.0934312 0.167535 0.19634
0.29101 0.149763 0.0641419 0.0829556 0.19784 0.214289
0.30162 0.154978 0.0568575 0.10406 0.165139 0.217346
0.340761 0.129929 0.0766766 0.102199 0.160968 0.189467
0.343012 0.121691 0.0750202 0.101553 0.156857 0.201868
0.343348 0.127886 0.0739694 0.107483 0.150165 0.197149
0.33456 0.137208 0.0917488 0.0844064 0.173152 0.178925
0.315948 0.128311 0.073585 0.0848974 0.194815 0.202443
0.277184 0.164695 0.04755 0.0994395 0.1716 0.239531
0.271652 0.179612 0.0482861 0.102426 0.160139 0.237885
0.269102 0.174901 0.0460291 0.0992204 0.171432 0.239316
0.322948 0.131268 0.0702807 0.0943175 0.163092 0.218094
0.327634 0.130744 0.0659474 0.103841 0.152763 0.219069
0.335475 0.123786 0.0806702 0.0896361 0.154665 0.215767
0.369434 0.0982819 0.131108 0.0631827 0.198293 0.139701