0.529809 0.179508 0.182119 0.108563
0.468246 0.245024 0.224975 0.0617544
0.52008 0.200415 0.165633 0.113872
0.546973 0.171293 0.154393 0.127341
0.559249 0.159914 0.154543 0.126293
0.559357 0.157699 0.168612 0.114332
0.552205 0.164433 0.184925 0.0984365
0.540434 0.179201 0.191367 0.0889978
0.516676 0.222441 0.141978 0.118906
0.531405 0.200027 0.131566 0.137001
0.548477 0.17446 0.1428 0.134263
0.542133 0.184198 0.139808 0.133861
0.532952 0.198325 0.155331 0.113391
0.494776 0.248774 0.0870028 0.169447
0.499446 0.24581 0.104172 0.150571
0.486415 0.257416 0.0827129 0.173456
0.553574 0.160271 0.191337 0.0948183
0.546519 0.170208 0.192037 0.091236
0.547362 0.170584 0.184087 0.097966
0.551023 0.167872 0.176298 0.104807
0.489932 0.258783 0.164104 0.0871801
0.496787 0.249993 0.159975 0.0932453
0.465995 0.292405 0.144538 0.0970626
0.515659 0.224918 0.149473 0.10995
0.51192 0.227077 0.14543 0.115573
0.508165 0.232684 0.151597 0.107553
0.521517 0.212436 0.162329 0.103717
0.534402 0.195579 0.157113 0.112905
0.541972 0.181314 0.158472 0.118242
0.467317 0.284475 0.0860494 0.162159
0.544559 0.1775 0.154886 0.123054
0.48972 0.246917 0.0752948 0.188068
0.511644 0.227397 0.100061 0.160898
0.501513 0.24346 0.102655 0.152372
0.483688 0.264013 0.118085 0.134215
0.489304 0.258217 0.140004 0.112475
0.518972 0.212819 0.170737 0.0974713
0.517548 0.21757 0.158279 0.106603
0.509378 0.228137 0.160989 0.101496
0.508158 0.228789 0.168216 0.0948371
0.465362 0.301042 0.130456 0.10314
0.500557 0.247021 0.146011 0.106411
0.512204 0.226933 0.129243 0.13162
0.505371 0.224806 0.0813838 0.188439
0.500128 0.239772 0.140393 0.119707
0.513213 0.223491 0.142994 0.120301
0.513213 0.223491 0.142994 0.120301
0.510267 0.228094 0.137751 0.123888
0.575213 0.136319 0.144359 0.144109
0.575039 0.136698 0.148549 0.139713
0.566394 0.149392 0.134853 0.149361
0.556641 0.163666 0.126045 0.153649
0.510682 0.233151 0.139847 0.116319
0.489549 0.25575 0.153921 0.10078
0.506414 0.236324 0.105209 0.152053
0.505973 0.239571 0.142745 0.11171
0.52658 0.210049 0.136305 0.127066
0.527215 0.209072 0.128162 0.135551
0.525223 0.21199 0.135073 0.127714
0.525031 0.212228 0.127055 0.135686
0.530704 0.196112 0.180181 0.0930031
0.545758 0.175802 0.172532 0.105907
0.521421 0.21321 0.157701 0.107667
0.541385 0.180588 0.122437 0.15559
0.476961 0.282621 0.137836 0.102583
0.483751 0.272992 0.137128 0.106129
0.473747 0.286986 0.136918 0.10235
0.503437 0.240838 0.151681 0.104044
0.508093 0.236982 0.134298 0.120627
0.516528 0.224481 0.143012 0.115979
0.643828 0.0149477 0.0918078 0.249416
0.542964 0.179946 0.176933 0.100157
0.54507 0.178713 0.165353 0.110864
0.555743 0.152223 0.208224 0.0838105
0.50769 0.209713 0.217943 0.0646533
0.536685 0.187294 0.174985 0.101037
0.539713 0.189569 0.137376 0.133342
0.552133 0.170288 0.143676 0.133903
0.556239 0.164845 0.149282 0.129634
0.535449 0.195691 0.142127 0.126733
0.517709 0.207658 0.13826 0.136373
0.521187 0.12801 0.251861 0.0989429
0.54385 0.176043 0.162318 0.117789
0.507152 0.223783 0.0821432 0.186922
0.483308 0.252357 0.192965 0.0713709
0.486506 0.252179 0.186396 0.0749191
0.514964 0.219159 0.177865 0.0880129
0.493085 0.260102 0.12186 0.124953
0.51785 0.208133 0.0889579 0.18506
0.490117 0.243545 0.112597 0.153741
0.497724 0.237663 0.103567 0.161046
0.485341 0.256559 0.100482 0.157618
0.526254 0.196937 0.189658 0.0871521
0.537007 0.185887 0.157366 0.119739
0.530803 0.192553 0.164137 0.112507
0.53238 0.18242 0.199936 0.0852635
0.495727 0.251658 0.124382 0.128233
0.488246 0.257231 0.150808 0.103714
0.527894 0.206081 0.135767 0.130258
0.52183 0.215406 0.147382 0.115381
0.512974 0.220619 0.15159 0.114816
0.517976 0.217409 0.150395 0.11422
0.531429 0.19819 0.164024 0.106357
0.517659 0.215638 0.161749 0.104954
0.537268 0.188439 0.161635 0.112657
0.518437 0.219105 0.153324 0.109134
0.547595 0.17533 0.127398 0.149677
0.55773 0.160415 0.158082 0.123773
0.543557 0.177273 0.171172 0.107999
0.546552 0.173761 0.170144 0.109543
0.538917 0.180905 0.177634 0.102544
0.534478 0.191471 0.164207 0.109844
0.558896 0.157912 0.168514 0.114678
0.523593 0.212071 0.111042 0.153294
0.532998 0.198159 0.13844 0.130403
0.553071 0.162093 0.187747 0.0970891
0.59091 0.0961265 0.227189 0.0857744
0.494066 0.128579 0.00930275 0.368052
0.515674 0.225962 0.135279 0.123084
0.603695 0.0896498 0.187634 0.119021
0.500815 0.216488 0.230979 0.0517185
0.532105 0.196621 0.171289 0.0999852
0.541933 0.179824 0.173577 0.104665
0.523675 0.206277 0.173162 0.0968857
0.54005 0.181364 0.173115 0.105471
0.545799 0.167783 0.199715 0.0867022
0.545799 0.167783 0.199715 0.0867022
0.538874 0.189369 0.150891 0.120866
0.546682 0.178646 0.150581 0.124091
0.539563 0.186786 0.137223 0.136428
0.558985 0.158875 0.136943 0.145196
0.541978 0.18398 0.142686 0.131356
0.569193 0.128567 0.219574 0.0826661
0.566967 0.132946 0.215709 0.0843777
0.56343 0.138249 0.215051 0.0832712
0.575066 0.119239 0.21754 0.0881546
0.500237 0.239834 0.0907887 0.16914
0.490383 0.25444 0.0946158 0.160561
0.517038 0.21416 0.121776 0.147027
0.519789 0.208546 0.119355 0.15231
0.523143 0.206975 0.17794 0.0919421
0.514099 0.228786 0.12722 0.129895
0.543895 0.176098 0.186521 0.0934856
0.547523 0.165637 0.202691 0.0841489
0.525058 0.200123 0.188889 0.0859307
0.540553 0.177509 0.191403 0.0905348
0.499988 0.243605 0.16584 0.0905672
0.534508 0.171739 0.229313 0.0644412
0.498345 0.251193 0.13616 0.114302
0.515524 0.223925 0.146631 0.11392
0.53701 0.187261 0.172162 0.103566
0.542084 0.1817 0.162054 0.114162
0.511191 0.230341 0.121802 0.136665
0.508563 0.227611 0.12728 0.136546
0.508563 0.227611 0.12728 0.136546
0.525386 0.205142 0.149613 0.119858
0.49531 0.254074 0.128128 0.122488
0.526673 0.205624 0.161669 0.106035
0.490973 0.255239 0.124324 0.129464
0.490973 0.255239 0.124324 0.129464
0.502764 0.238168 0.129975 0.129093
0.526533 0.1913 0.192085 0.0900819
0.530111 0.195266 0.177758 0.096864
0.528429 0.187311 0.18553 0.0987293
0.516199 0.211353 0.0966829 0.175765
0.514159 0.216897 0.100722 0.168222
0.522932 0.191493 0.0931658 0.192409
0.507338 0.215324 0.133665 0.143673
0.51833 0.211296 0.167022 0.103352
0.520234 0.214309 0.126833 0.138624
0.503847 0.234518 0.161819 0.0998159
0.522125 0.210573 0.151967 0.115336
0.523125 0.198496 0.121962 0.156417
0.512138 0.220339 0.112082 0.155441
0.52527 0.201872 0.152982 0.119876
0.556769 0.156732 0.142863 0.143636
0.491258 0.234776 0.18672 0.087246
0.475082 0.267743 0.154742 0.102433
0.472135 0.271709 0.154271 0.101884
0.51133 0.219658 0.157905 0.111106
0.533359 0.191475 0.176877 0.0982888
0.477955 0.270177 0.130297 0.121571
0.487316 0.255123 0.1362 0.12136
0.490406 0.242318 0.126821 0.140455
0.530878 0.199171 0.120866 0.149085
0.522015 0.214544 0.123007 0.140434
0.514063 0.214123 0.133705 0.138108
0.517016 0.218862 0.113829 0.150294
0.553076 0.164718 0.149421 0.132785
0.547351 0.176678 0.151215 0.124755
0.559419 0.153833 0.140904 0.145844
0.576182 0.132808 0.148951 0.142058
0.540121 0.188464 0.127766 0.143649
0.548144 0.174553 0.161787 0.115516
0.540365 0.177256 0.17007 0.112309
0.546795 0.165238 0.194979 0.0929877
0.507599 0.234986 0.121305 0.13611
0.513415 0.222776 0.162441 0.101368
0.528003 0.205446 0.154124 0.112427
0.50938 0.231983 0.14705 0.111587
0.530645 0.189818 0.13142 0.148117
0.535747 0.191066 0.138392 0.134795
0.544101 0.174336 0.122573 0.15899
0.544101 0.174336 0.122573 0.15899
0.493512 0.247217 0.136615 0.122656
0.509898 0.230184 0.115205 0.144714
0.513467 0.227028 0.135174 0.124331
0.517843 0.214938 0.146821 0.120398
0.491092 0.254395 0.103316 0.151197
0.482709 0.265805 0.0911185 0.160368
0.47277 0.287403 0.109114 0.130713
0.489091 0.262102 0.106768 0.142039
0.520656 0.216166 0.157601 0.105577
0.520215 0.219612 0.132286 0.127887
0.540886 0.179148 0.189884 0.0900817
0.494328 0.253487 0.144754 0.107431
0.551964 0.168579 0.165775 0.113682
0.529561 0.195143 0.179569 0.0957272
0.491995 0.26094 0.11817 0.128896
0.539542 0.183593 0.181859 0.0950062
0.532407 0.19469 0.17616 0.0967425
0.530626 0.1892 0.184482 0.0956927
0.474954 0.279644 0.087827 0.157574
0.537323 0.187201 0.175844 0.0996316
0.510132 0.234065 0.140098 0.115705
0.514926 0.226829 0.1309 0.127345
0.521691 0.217459 0.131564 0.129286
0.543231 0.184697 0.141019 0.131053
0.477037 0.276144 0.138198 0.108621
0.498469 0.237769 0.174593 0.0891689
0.529878 0.184853 0.211581 0.0736876
0.501657 0.2358 0.184907 0.0776358
0.47785 0.264846 0.124229 0.133075
0.466627 0.29314 0.0862538 0.15398
0.529198 0.192375 0.0972817 0.181145
0.535038 0.188218 0.119922 0.156822
0.502057 0.242169 0.142605 0.113169
0.519474 0.200726 0.135457 0.144343
0.542015 0.184345 0.148778 0.124861
0.530304 0.201929 0.155808 0.111959
0.454921 0.316729 0.122727 0.105623
0.454196 0.31442 0.112448 0.118936
0.427216 0.351328 0.100596 0.120861
0.453907 0.311222 0.118367 0.116504
0.514062 0.227406 0.132522 0.126009
0.549708 0.16952 0.179249 0.101522
0.513368 0.227746 0.133113 0.125773
0.531792 0.195496 0.151558 0.121154
0.519879 0.215936 0.115531 0.148654
0.498354 0.241432 0.128476 0.131738
0.5317 0.198164 0.116355 0.153781
0.51568 0.220088 0.107331 0.156901
0.549236 0.164942 0.192095 0.093727
0.545212 0.172871 0.186916 0.095
0.520091 0.218463 0.137068 0.124379
0.535425 0.174591 0.222006 0.0679775
0.458645 0.307508 0.114044 0.119803
0.559847 0.146099 0.204041 0.0900126
0.562965 0.146658 0.188012 0.102364
0.559631 0.150775 0.189196 0.100398
0.563204 0.154802 0.135014 0.146979
0.525304 0.201554 0.170228 0.102915
0.530588 0.202025 0.13745 0.129936
0.515709 0.2227 0.116727 0.144864
0.546287 0.176217 0.138594 0.138902
0.513457 0.217044 0.124988 0.144511
0.513649 0.222368 0.108262 0.155721
0.506182 0.227792 0.123131 0.142895
0.482511 0.262764 0.159845 0.0948794
0.500187 0.231395 0.179275 0.0891423
0.51311 0.224862 0.16661 0.0954178
0.525536 0.207695 0.161598 0.10517
0.561884 0.145172 0.197756 0.0951882
0.531365 0.198796 0.134761 0.135077
0.513239 0.220818 0.128176 0.137768
0.506679 0.233007 0.102115 0.158199
0.499147 0.245354 0.147923 0.107576
0.546233 0.175932 0.133175 0.144661
0.527638 0.200703 0.164612 0.107047
0.519958 0.210142 0.153865 0.116036
0.491627 0.259754 0.147988 0.100632
0.508037 0.231478 0.152969 0.107516
0.518478 0.215161 0.153221 0.11314
0.505755 0.235368 0.154172 0.104704
0.563815 0.14465 0.192542 0.0989929
0.571215 0.135103 0.191863 0.10182
0.569223 0.136805 0.19556 0.0984123
0.567435 0.139157 0.195482 0.0979261
0.511676 0.223917 0.160489 0.103918
0.536597 0.190452 0.136717 0.136233
0.536597 0.190452 0.136717 0.136233
0.483344 0.246084 0.183228 0.0873449
0.512743 0.224823 0.123091 0.139343
0.53836 0.190377 0.158367 0.112896
0.507686 0.230467 0.145687 0.116159
0.512955 0.228435 0.14575 0.11286
0.558412 0.159365 0.148825 0.133397
0.539349 0.183338 0.15006 0.127253
0.55125 0.168313 0.142009 0.138428
0.571641 0.140234 0.1632 0.124925
0.558725 0.152973 0.136822 0.15148
0.560925 0.153313 0.164232 0.12153
0.547593 0.16821 0.175766 0.108431
0.546271 0.176316 0.162699 0.114714
0.516643 0.224442 0.117137 0.141778
0.531891 0.202088 0.128966 0.137055
0.516099 0.219811 0.0935684 0.170522
0.527028 0.209037 0.140276 0.123659
0.552162 0.169374 0.152864 0.1256
0.522833 0.213908 0.124874 0.138385
0.563506 0.153231 0.151043 0.132221
0.551423 0.156808 0.151648 0.14012
0.500296 0.247846 0.146533 0.105324
0.518368 0.21405 0.1803 0.0872818
0.536996 0.191369 0.164776 0.106859
0.543486 0.181942 0.159469 0.115103
0.508537 0.230381 0.0902185 0.170863
0.460106 0.296719 0.0982311 0.144944
0.540701 0.187761 0.146831 0.124708
0.537704 0.192635 0.141424 0.128237
0.503871 0.213107 0.0990253 0.183997
0.512376 0.212472 0.115575 0.159578
0.49535 0.244639 0.108953 0.151058
0.513017 0.221873 0.120374 0.144736
0.566516 0.13977 0.178042 0.115672
0.545559 0.171203 0.154156 0.129082
0.542542 0.175443 0.146379 0.135636
0.542542 0.175443 0.146379 0.135636
0.505354 0.229739 0.116865 0.148042
0.529569 0.200246 0.117444 0.152741
0.517394 0.213307 0.155306 0.113994
0.554476 0.159073 0.17265 0.113801
0.501917 0.233809 0.155402 0.108872
0.52475 0.208988 0.139945 0.126317
0.522014 0.211172 0.140489 0.126324
0.52585 0.207768 0.133703 0.132678
0.54717 0.175246 0.169405 0.108178
0.562009 0.155163 0.163803 0.119025
0.558579 0.160401 0.162208 0.118812
0.568 0.146249 0.163977 0.121775
0.492404 0.252777 0.168207 0.0866122
0.464117 0.293689 0.0794954 0.162698
0.527798 0.195693 0.193747 0.082762
0.555213 0.165282 0.160226 0.119279
0.559194 0.153366 0.174997 0.112443
0.558892 0.153816 0.166312 0.12098
0.511356 0.227314 0.123232 0.138098
0.527984 0.199905 0.124455 0.147657
0.481386 0.267759 0.0808554 0.17
0.457706 0.305601 0.0864207 0.150272
0.514063 0.227821 0.14543 0.112685
0.468548 0.288885 0.0881119 0.154455
0.487088 0.259911 0.0996233 0.153377
0.493622 0.230539 0.11796 0.157879
0.523362 0.208115 0.158385 0.110138
0.500089 0.242822 0.123936 0.133154
0.555765 0.163908 0.163325 0.117002
0.546699 0.174664 0.121154 0.157483
0.497062 0.247092 0.0995099 0.156336
0.49924 0.244553 0.0982785 0.157929
0.501823 0.233398 0.124454 0.140326
0.494486 0.248104 0.12849 0.12892
0.512877 0.21832 0.125746 0.143057
0.498617 0.241005 0.142531 0.117846
0.511407 0.228085 0.155537 0.104971
0.490925 0.263596 0.124645 0.120834
0.538299 0.18401 0.183427 0.0942637
0.534833 0.191326 0.175786 0.0980552
0.528126 0.195235 0.178472 0.0981666
0.522783 0.192952 0.211536 0.0727298
0.548617 0.168984 0.186595 0.0958043
0.552649 0.162414 0.190766 0.0941713
0.508911 0.233346 0.155602 0.102141
0.415631 0.259568 0.0112618 0.313539
0.54902 0.174679 0.122925 0.153376
0.565068 0.15084 0.162243 0.121848
0.573977 0.137575 0.146455 0.141992
0.550249 0.172472 0.158997 0.118282
0.579746 0.130136 0.138011 0.152107
0.559004 0.154745 0.181393 0.104857
0.499663 0.239401 0.0984871 0.16245
0.466754 0.29125 0.0929758 0.149021
0.497176 0.243116 0.118424 0.141284
0.502929 0.24187 0.120168 0.135033
0.529135 0.20163 0.133546 0.135689
0.49097 0.252438 0.098032 0.15856
0.477393 0.272083 0.0866246 0.1639
0.527855 0.20316 0.116754 0.152231
0.557937 0.147554 0.212905 0.0816041
0.536423 0.191718 0.159894 0.111964
0.566541 0.141705 0.194 0.0977543
0.550252 0.169921 0.167154 0.112673
0.534556 0.187679 0.152518 0.125246
0.517506 0.206621 0.164737 0.111136
0.53739 0.183268 0.15266 0.126682
0.521447 0.20526 0.154429 0.118864
0.558099 0.146053 0.17826 0.117588
0.571338 0.138934 0.143546 0.146182
0.572194 0.129048 0.11104 0.187718
0.592711 0.106339 0.149995 0.150955
0.482682 0.26876 0.147932 0.100625
0.486153 0.26449 0.136343 0.113015
0.486675 0.264443 0.138398 0.110484
0.484437 0.271523 0.126189 0.117851
0.528909 0.197471 0.180954 0.092666
0.562581 0.152162 0.166631 0.118625
0.561523 0.152452 0.130682 0.155343
0.570886 0.138967 0.141329 0.148818
0.476106 0.284943 0.134089 0.104862
0.564117 0.142592 0.102597 0.190695
0.507657 0.237803 0.140157 0.114383
0.507657 0.237803 0.140157 0.114383
0.526001 0.208097 0.157397 0.108505
0.50879 0.233066 0.102182 0.155961
0.508552 0.236624 0.122384 0.13244
0.501355 0.245433 0.117139 0.136073
0.549668 0.163324 0.179899 0.107109
0.543517 0.169566 0.18047 0.106447
0.5416 0.178098 0.176769 0.103533
0.533751 0.188266 0.188528 0.0894544
0.549104 0.165664 0.112514 0.172718
0.534353 0.180904 0.123831 0.160911
0.577451 0.12867 0.128718 0.16516
0.574709 0.124268 0.0995355 0.201488
0.528755 0.203043 0.160377 0.107825
0.536148 0.191588 0.163134 0.10913
0.509022 0.235535 0.119034 0.136409
0.505752 0.236799 0.0987217 0.158727
0.391273 0.409396 0.104425 0.0949059
0.396727 0.403054 0.0894171 0.110802
0.379001 0.429065 0.0744921 0.117442
0.490636 0.249296 0.185242 0.0748257
0.550124 0.174211 0.150674 0.12499
0.549953 0.173906 0.155251 0.120891
0.544349 0.182171 0.148545 0.124935
0.573249 0.135031 0.145584 0.146136
0.543911 0.175087 0.10997 0.171032
0.559287 0.151459 0.113461 0.175793
0.551378 0.162988 0.112392 0.173242
0.539916 0.179786 0.106674 0.173624
0.469384 0.288951 0.0835912 0.158073
0.51388 0.227583 0.145291 0.113246
0.454076 0.312448 0.0824108 0.151065
0.478843 0.280811 0.105294 0.135052
0.45413 0.297327 0.0616467 0.186896
0.471585 0.267765 0.0611575 0.199492
0.487866 0.249101 0.0692718 0.193761
0.477101 0.264308 0.0669549 0.191636
0.363342 0.365328 0.00927702 0.262054
0.486668 0.268133 0.101595 0.143604
0.482707 0.266044 0.0824347 0.168814
0.501405 0.244312 0.0973673 0.156916
0.565815 0.149715 0.139601 0.144869
0.576098 0.133784 0.127242 0.162876
0.563288 0.150784 0.135487 0.150442
0.566675 0.144188 0.147967 0.141169
0.568463 0.147037 0.150375 0.134125
0.536145 0.18285 0.0822638 0.198741
0.569206 0.14603 0.148285 0.136479
0.555529 0.165352 0.156752 0.122366
0.520833 0.169183 0.0431083 0.266876
0.538087 0.156144 0.0642252 0.241544
0.371412 0.200308 0.00205547 0.426224
0.55349 0.108543 0.0398325 0.298134
0.4926 0.245474 0.0717605 0.190165
0.564683 0.124455 0.244916 0.0659454
0.574695 0.115195 0.235668 0.0744421
0.582916 0.10886 0.223136 0.0850874
0.566369 0.150082 0.138086 0.145464
0.569207 0.145029 0.127765 0.157998
0.510754 0.229233 0.11173 0.148283
0.535464 0.193408 0.120537 0.150591
0.543941 0.171798 0.189736 0.0945243
0.566328 0.135831 0.211613 0.0862268
0.519525 0.216979 0.147882 0.115614
0.517724 0.217542 0.155088 0.109646
0.566169 0.145154 0.183329 0.105348
0.57046 0.136545 0.189765 0.10323
0.570135 0.136856 0.193518 0.0994908
0.493377 0.259884 0.123828 0.122911
0.5525 0.162779 0.105477 0.179243
0.553587 0.16094 0.105202 0.180271
0.544077 0.172756 0.0930201 0.190147
0.551204 0.162777 0.0998003 0.186218
0.568421 0.145206 0.151819 0.134554
0.571483 0.140591 0.150939 0.136986
0.506194 0.226257 0.0805332 0.187016
0.484878 0.173953 0.0165816 0.324587
0.407527 0.388014 0.112943 0.0915153
0.439187 0.340859 0.11152 0.108433
0.497505 0.252504 0.13137 0.118621
0.476075 0.285433 0.109232 0.129259
0.513326 0.222921 0.111184 0.152569
0.53288 0.193882 0.0995741 0.173665
0.522529 0.204749 0.0926134 0.180108
0.501812 0.23726 0.101941 0.158986
0.542871 0.181547 0.139658 0.135924
0.542767 0.179327 0.172517 0.105389
0.543151 0.179744 0.166631 0.110475
0.516271 0.219057 0.116502 0.148169
0.552818 0.158196 0.0865062 0.20248
0.527594 0.201182 0.101634 0.16959
0.503116 0.234735 0.0933406 0.168808
0.493329 0.256285 0.100889 0.149497
0.511621 0.224435 0.0942923 0.169652
0.493906 0.237128 0.0669831 0.201983
0.551865 0.150162 0.071942 0.22603
0.425037 0.171771 0.00868284 0.394509
0.438372 0.336551 0.138849 0.0862288
0.388562 0.361868 0.222214 0.0273563
0.432027 0.344433 0.148436 0.0751036
0.418522 0.3035 0.25455 0.023428
0.507472 0.23386 0.111356 0.147312
0.555481 0.160534 0.155632 0.128353
0.561163 0.153598 0.145676 0.139562
0.532409 0.191151 0.100421 0.176019
0.466462 0.294991 0.154295 0.0842523
0.508839 0.232885 0.153058 0.105219
0.500428 0.249182 0.120642 0.129748
0.5147 0.219568 0.176498 0.089234
0.536081 0.195864 0.134808 0.133246
0.539152 0.189783 0.155452 0.115613
0.496795 0.244753 0.167341 0.0911107
0.486699 0.245059 0.19181 0.0764316
0.527498 0.207696 0.116885 0.147921
0.526741 0.209002 0.119447 0.14481
0.52221 0.212687 0.113906 0.151197
0.552616 0.169863 0.135371 0.14215
0.522363 0.184219 0.232761 0.0606571
0.506144 0.218454 0.204232 0.0711699
0.551614 0.161963 0.142441 0.143982
0.492872 0.243243 0.184391 0.0794935
0.51757 0.222152 0.139557 0.120721
0.513337 0.225289 0.121814 0.13956
0.53367 0.196952 0.141729 0.127648
0.523574 0.210597 0.113798 0.152031
0.534485 0.197197 0.134222 0.134096
0.542189 0.186183 0.139987 0.131641
0.515899 0.224094 0.140489 0.119518
0.517649 0.214193 0.168947 0.0992108
0.518264 0.216533 0.161406 0.103797
0.491658 0.257013 0.0903644 0.160965
0.483463 0.265732 0.087321 0.163484
0.509717 0.22969 0.0920901 0.168503
0.499689 0.24618 0.15793 0.0962009
0.519631 0.21611 0.164658 0.0996008
0.456078 0.302709 0.164554 0.0766595
0.448762 0.324408 0.135487 0.091343
0.506285 0.238449 0.11698 0.138286
0.518273 0.217315 0.14428 0.120132
0.501072 0.239424 0.149623 0.109881
0.5217 0.213456 0.146633 0.118212
0.469606 0.26968 0.063085 0.197629
0.444522 0.298095 0.0636625 0.193721
0.527793 0.165617 0.0509758 0.255615
0.475905 0.276023 0.0854759 0.162597
0.496946 0.245681 0.152461 0.104912
0.503903 0.236426 0.147745 0.111926
0.487986 0.262098 0.151764 0.0981521
0.499306 0.244711 0.16052 0.0954629
0.45288 0.312708 0.0839713 0.150441
0.447749 0.319544 0.0755737 0.157134
0.495079 0.248988 0.143955 0.111978
0.529246 0.199752 0.101327 0.169676
0.53659 0.180873 0.202206 0.0803307
0.51526 0.21573 0.188621 0.0803882
0.514343 0.228194 0.133159 0.124304
0.527707 0.207258 0.135831 0.129204
0.489178 0.264813 0.105351 0.140657
0.489178 0.262682 0.151345 0.0967955
0.485923 0.269737 0.13008 0.114259
0.495854 0.255445 0.110764 0.137937
0.490467 0.258582 0.161914 0.0890361
0.46278 0.301993 0.146101 0.0891264
0.482902 0.269155 0.16355 0.0843935
0.49536 0.252917 0.154994 0.0967289
0.548995 0.172581 0.117429 0.160995
0.533873 0.195089 0.12376 0.147278
0.5081 0.223234 0.0913769 0.177289
0.548559 0.173439 0.124621 0.153381
0.554368 0.157306 0.15784 0.130487
0.530483 0.196581 0.122143 0.150793
0.533517 0.189506 0.125828 0.151149
0.542039 0.179066 0.143284 0.135611
0.515556 0.203539 0.21474 0.0661656
0.530994 0.199043 0.163503 0.10646
0.532732 0.196948 0.151075 0.119245
0.543578 0.180244 0.140299 0.13588
0.539294 0.185559 0.132396 0.142751
0.548538 0.167877 0.133011 0.150575
0.5504 0.171797 0.147654 0.130149
0.549913 0.170648 0.132445 0.146994
0.459176 0.304591 0.149716 0.0865177
0.450187 0.319987 0.143696 0.0861305
0.415568 0.367941 0.12923 0.087261
0.474225 0.281682 0.161048 0.0830451
0.527334 0.20889 0.135352 0.128424
0.554975 0.16516 0.11722 0.162645
0.557621 0.163369 0.143848 0.135162
0.539215 0.190065 0.144148 0.126571
0.497957 0.245699 0.108532 0.147812
0.525944 0.210849 0.133768 0.12944
0.525757 0.206042 0.105334 0.162866
0.528845 0.206394 0.127883 0.136877
0.556505 0.164225 0.156318 0.122952
0.56427 0.15208 0.123431 0.160219
0.565074 0.139759 0.115337 0.179829
0.560337 0.149671 0.119184 0.170808
0.521925 0.214775 0.120474 0.142826
0.486668 0.262359 0.0840551 0.166918
0.497398 0.248123 0.0924492 0.16203
0.494177 0.245084 0.0741922 0.186546
0.551399 0.172422 0.147494 0.128685
0.542984 0.185149 0.145638 0.12623
0.562394 0.156239 0.147135 0.134233
0.504664 0.237087 0.0914841 0.166765
0.516733 0.222698 0.112533 0.148036
0.386828 0.224763 0.386502 0.00190664
0.545939 0.178303 0.157202 0.118556
0.524808 0.20542 0.108683 0.16109
0.554005 0.166795 0.160215 0.118985
0.496719 0.245374 0.145526 0.112381
0.491048 0.251971 0.148533 0.108448
0.517642 0.217454 0.162769 0.102135
0.517517 0.202143 0.0850068 0.195334
0.543974 0.172257 0.0984763 0.185292
0.538389 0.178038 0.115373 0.168201
0.517207 0.202783 0.0905452 0.189465
0.533031 0.179844 0.109927 0.177198
0.535094 0.191782 0.111965 0.161159
0.556404 0.149938 0.0925776 0.20108
0.52443 0.186731 0.0883273 0.200511
0.546295 0.173197 0.13414 0.146369
0.506879 0.223571 0.097481 0.172069
0.507465 0.220737 0.0907639 0.181034
0.532074 0.190852 0.106936 0.170138
0.467938 0.28022 0.0697806 0.182062
0.533421 0.198247 0.142931 0.125402
0.469457 0.29255 0.122154 0.115839
0.372275 0.435974 0.0637045 0.128046
0.444385 0.331012 0.0998585 0.124745
0.452804 0.313922 0.0893812 0.143893
0.437997 0.340022 0.117827 0.104153
0.435511 0.342772 0.133102 0.0886151
0.534008 0.190038 0.148107 0.127847
0.525403 0.195062 0.13331 0.146225
0.535764 0.191404 0.131735 0.141097
0.502286 0.229702 0.118994 0.149018
0.490005 0.231172 0.0575339 0.221289
0.459945 0.288269 0.0647292 0.187056
0.459123 0.28968 0.0676817 0.183515
0.464922 0.286786 0.0774273 0.170864
0.508545 0.138189 0.174909 0.178358
0.509807 0.223255 0.0984283 0.16851
0.5545 0.165327 0.157189 0.122984
0.548617 0.175981 0.151811 0.12359
0.516529 0.220877 0.152492 0.110102
0.504959 0.237683 0.109146 0.148212
0.492161 0.249979 0.150391 0.107469
0.50096 0.227061 0.192769 0.0792108
0.569777 0.145133 0.135803 0.149287
0.577555 0.132947 0.148712 0.140786
0.577511 0.130003 0.12079 0.171696
0.568304 0.144148 0.138229 0.149318
0.511863 0.22831 0.153325 0.106502
0.492281 0.252161 0.162481 0.0930775
0.500056 0.238377 0.174169 0.0873986
0.531506 0.200088 0.158555 0.109851
0.532856 0.198882 0.127002 0.14126
0.499375 0.249648 0.127089 0.123888
0.482263 0.268607 0.0951359 0.153994
0.480194 0.272272 0.0901108 0.157423
0.418382 0.368969 0.0972209 0.115427
0.416205 0.373235 0.098292 0.112268
0.397544 0.400957 0.0786819 0.122817
0.525288 0.207989 0.148364 0.11836
0.461102 0.27871 0.212624 0.0475647
0.501913 0.244225 0.148502 0.105359
0.530785 0.197672 0.136265 0.135278
0.533258 0.181015 0.203869 0.0818573
0.49778 0.249693 0.136482 0.116045
0.561544 0.153092 0.160527 0.124837
0.516636 0.22133 0.161738 0.100296
0.534377 0.195003 0.15271 0.117911
0.406252 0.384655 0.0743886 0.134704
0.399738 0.384047 0.0513268 0.164887
0.478806 0.277053 0.106181 0.13796
0.537181 0.194056 0.127693 0.14107
0.500803 0.242357 0.161345 0.0954947
0.537996 0.190202 0.124651 0.14715
0.516094 0.219995 0.105554 0.158356
0.509145 0.224863 0.093168 0.172825
0.528536 0.204129 0.117003 0.150333
0.521437 0.210159 0.120975 0.147429
0.543798 0.184069 0.133859 0.138275
0.507284 0.235453 0.113818 0.143445
0.460145 0.300116 0.097988 0.141751
0.4501 0.313147 0.0935087 0.143244
0.50263 0.233511 0.130115 0.133743
0.523094 0.205609 0.110187 0.16111
0.530244 0.196904 0.162452 0.1104
0.553377 0.168763 0.151186 0.126674
0.554772 0.16652 0.151043 0.127666
0.527577 0.20423 0.147262 0.120932
0.510799 0.232933 0.133142 0.123126
0.521813 0.214621 0.114529 0.149037
0.509163 0.234021 0.119655 0.137161
0.521008 0.218081 0.123992 0.136918
0.507822 0.236431 0.147354 0.108393
0.535701 0.195083 0.117682 0.151534
0.49934 0.233146 0.0773153 0.190198
0.469633 0.282786 0.0826127 0.164968
0.51898 0.209732 0.0823526 0.188936
0.534302 0.185455 0.0828454 0.197397
0.535199 0.186526 0.0877105 0.190565
0.537678 0.171377 0.0697257 0.22122
0.53316 0.186327 0.183017 0.097496
0.534056 0.161613 0.241047 0.0632829
0.558574 0.154191 0.184994 0.102241
0.559966 0.150553 0.191231 0.0982506
0.483567 0.259667 0.0892689 0.167497
0.502181 0.236837 0.107169 0.153813
0.481588 0.2706 0.131861 0.115951
0.457376 0.301956 0.133932 0.106736
0.552708 0.166332 0.16689 0.11407
0.559745 0.145466 0.0937104 0.201079
0.548408 0.169067 0.167981 0.114544
0.541055 0.176243 0.167467 0.115235
0.506541 0.228175 0.178202 0.0870823
0.491959 0.255148 0.145657 0.107236
0.495277 0.25045 0.143333 0.110939
0.492941 0.254457 0.143501 0.1091
0.469654 0.281441 0.131165 0.11774
0.465451 0.298069 0.112262 0.124218
0.482104 0.271474 0.112653 0.133769
0.494729 0.253579 0.129154 0.122538
0.51819 0.217767 0.107116 0.156926
0.524115 0.212377 0.118568 0.144941
0.518944 0.218569 0.113471 0.149016
0.525836 0.210021 0.124301 0.139843
0.562324 0.142975 0.17816 0.116541
0.542931 0.162684 0.186643 0.107742
0.55947 0.146604 0.178283 0.115643
0.565839 0.139422 0.166632 0.128108
0.521671 0.208222 0.161044 0.109063
0.554852 0.16206 0.181176 0.101912
0.532476 0.196391 0.156707 0.114426
0.487232 0.246502 0.177076 0.0891906
0.543752 0.178802 0.161965 0.115482
0.533558 0.193364 0.159246 0.113832
0.539635 0.185414 0.155563 0.119388
0.532294 0.19039 0.175662 0.101654
0.493521 0.251308 0.158791 0.0963795
0.477173 0.27948 0.122646 0.120701
0.472554 0.283886 0.114532 0.129028
0.486694 0.264224 0.108263 0.140819
0.38345 0.421424 0.114265 0.0808608
0.503854 0.228426 0.166901 0.100819
0.514598 0.211151 0.170975 0.103276
0.514168 0.222002 0.138541 0.125288
0.431971 0.345956 0.14581 0.0762624
0.547238 0.173272 0.177759 0.101731
0.540839 0.183111 0.175946 0.100104
0.480172 0.274027 0.100058 0.145743
0.551986 0.165051 0.181609 0.101354
0.563351 0.147835 0.18851 0.100304
0.557223 0.161203 0.165618 0.115956
0.561566 0.143845 0.208861 0.0857282
0.550362 0.1727 0.157683 0.119255
0.538391 0.189619 0.149136 0.122854
0.5352 0.195576 0.140886 0.128338
0.524766 0.209964 0.152742 0.112527
0.511264 0.221457 0.183555 0.0837236
0.504291 0.235568 0.172633 0.0875074
0.491834 0.255353 0.162028 0.0907852
0.489484 0.258755 0.161705 0.0900549
0.558903 0.150061 0.107201 0.183835
0.519226 0.216953 0.159455 0.104365
0.466557 0.296952 0.115921 0.12057
0.425893 0.354343 0.0851435 0.134621
0.500433 0.244721 0.10849 0.146357
0.535704 0.192228 0.15891 0.113157
0.508577 0.229769 0.109011 0.152643
0.53349 0.188093 0.137925 0.140493
0.531569 0.196278 0.118403 0.15375
0.527819 0.206242 0.133578 0.132361
0.541029 0.18369 0.126837 0.148444
0.524115 0.202641 0.139967 0.133277
0.49524 0.246538 0.0802498 0.177972
0.470739 0.286693 0.0846518 0.157916
0.487804 0.268033 0.116798 0.127365
0.531869 0.201553 0.145698 0.12088
0.524534 0.207826 0.165624 0.102016
0.482412 0.263125 0.173426 0.0810376
0.512788 0.228075 0.137609 0.121528
0.503803 0.242722 0.134141 0.119333
0.521935 0.201327 0.178578 0.0981605
0.525746 0.199625 0.18713 0.087499
0.521059 0.19979 0.20067 0.0784814
0.513495 0.209256 0.191289 0.0859601
0.472015 0.284428 0.157317 0.086241
0.468168 0.297398 0.120385 0.114049
0.450125 0.317658 0.14677 0.085447
0.484957 0.263504 0.172493 0.0790465
0.480131 0.251727 0.0572882 0.210854
0.502888 0.235028 0.0901192 0.171965
0.519831 0.216015 0.114335 0.149819
0.524719 0.196221 0.0829434 0.196116
0.503178 0.236698 0.0940801 0.166044
0.526679 0.201772 0.100531 0.171018
0.457031 0.308486 0.093439 0.141044
0.524723 0.200611 0.100655 0.174011
0.437179 0.333216 0.0757436 0.153861
0.398798 0.396034 0.0760206 0.129148
0.405162 0.389614 0.0944626 0.110762
0.494907 0.252482 0.159699 0.0929127
0.526845 0.202139 0.10566 0.165356
0.554193 0.164599 0.119537 0.161671
0.509242 0.226699 0.150717 0.113341
0.511845 0.220445 0.0955875 0.172122
0.506602 0.215452 0.0912876 0.186658
0.505904 0.239694 0.116863 0.137538
0.476122 0.282882 0.121149 0.119846
0.505958 0.217811 0.203417 0.0728135
0.544937 0.174237 0.137676 0.14315
0.549468 0.163634 0.154751 0.132147
0.534081 0.183967 0.141771 0.140182
0.533391 0.185652 0.159294 0.121663
0.540817 0.186326 0.14331 0.129546
0.550728 0.170932 0.159116 0.119225
0.530557 0.200317 0.156323 0.112802
0.516744 0.207895 0.172586 0.102775
0.523668 0.207268 0.104085 0.16498
0.528322 0.206078 0.134867 0.130733
0.521079 0.212437 0.106501 0.159983
0.50292 0.239056 0.113803 0.144221
0.486306 0.263008 0.0924066 0.158279
0.513809 0.220247 0.0915029 0.174441
0.483646 0.26181 0.07864 0.175905
0.478964 0.280858 0.109744 0.130434
0.516676 0.222441 0.141978 0.118906
0.531405 0.200027 0.131566 0.137001
0.548477 0.17446 0.1428 0.134263
0.520412 0.217398 0.131943 0.130247
0.488503 0.263664 0.13559 0.112243
0.502049 0.242268 0.160432 0.0952515
0.497972 0.249586 0.148002 0.10444
0.498199 0.251683 0.140923 0.109195
0.445733 0.328204 0.107994 0.11807
0.466402 0.29615 0.112988 0.12446
0.528218 0.203449 0.142079 0.126254
0.490236 0.260335 0.121783 0.127646
0.515538 0.218962 0.110019 0.15548
0.52102 0.210834 0.103948 0.164198
0.515923 0.217093 0.102352 0.164632
0.477989 0.272314 0.10292 0.146777
0.517002 0.216604 0.17778 0.0886134
0.52094 0.20976 0.182565 0.0867355
0.513901 0.228516 0.140229 0.117354
0.521965 0.206685 0.187692 0.0836583
0.547638 0.159091 0.211882 0.081389
0.443927 0.30539 0.0637147 0.186968
0.415906 0.357932 0.063109 0.163053
0.537702 0.180253 0.194802 0.0872436
0.538923 0.173926 0.155293 0.131858
0.536258 0.171713 0.139864 0.152165
0.53748 0.174471 0.134751 0.153298
0.523983 0.191067 0.157964 0.126986
0.475314 0.278023 0.0799625 0.1667
0.449396 0.322866 0.0877373 0.140002
0.52155 0.212633 0.121943 0.143873
0.552013 0.169366 0.159471 0.11915
0.518086 0.219991 0.157323 0.1046
0.51626 0.222736 0.157027 0.103976
0.536235 0.189966 0.161075 0.112724
0.520704 0.217516 0.143386 0.118394
0.518682 0.216957 0.10753 0.156831
0.539116 0.182646 0.103142 0.175097
0.518356 0.218149 0.142565 0.12093
0.496258 0.248431 0.114855 0.140456
0.480251 0.271082 0.122545 0.126121
0.513615 0.22613 0.115202 0.145053
0.520177 0.213003 0.120723 0.146097
0.50642 0.225675 0.14807 0.119834
0.520502 0.218197 0.136541 0.124759
0.485542 0.270957 0.129041 0.114459
0.476631 0.284043 0.107416 0.13191
0.451644 0.317617 0.125448 0.105292
0.567841 0.144207 0.118773 0.169178
0.562014 0.15467 0.153665 0.129651
0.548072 0.177031 0.125111 0.149786
0.541184 0.166098 0.221265 0.0714525
0.479707 0.280175 0.127405 0.112714
0.480333 0.278561 0.105952 0.135154
0.480365 0.276762 0.105074 0.137798
0.500549 0.249047 0.126319 0.124085
0.535431 0.181477 0.147666 0.135426
0.543381 0.168917 0.155553 0.13215
0.553759 0.145052 0.180706 0.120482
0.557305 0.162308 0.161292 0.119095
0.510444 0.22728 0.167493 0.0947825
0.507808 0.219388 0.193754 0.0790509
0.538093 0.18928 0.155226 0.117401
0.532839 0.198216 0.145864 0.123081
0.525356 0.205358 0.155643 0.113644
0.503322 0.238385 0.161175 0.0971182
0.505023 0.235437 0.143104 0.116436
0.500614 0.241066 0.168596 0.0897237
0.531636 0.194779 0.147031 0.126553
0.517457 0.212133 0.168521 0.101889
0.461808 0.293961 0.0839645 0.160267
0.517173 0.218171 0.165476 0.0991794
0.494961 0.248066 0.155705 0.101268
0.503858 0.237666 0.153688 0.104789
0.494289 0.248191 0.149484 0.108036
0.535393 0.194304 0.153188 0.117115
0.533713 0.196827 0.150515 0.118946
0.524571 0.211483 0.13532 0.128626
0.505025 0.23772 0.130502 0.126753
0.52031 0.206759 0.192247 0.0806843
0.47846 0.277981 0.153889 0.0896698
0.503063 0.167243 0.298232 0.0314624
0.5386 0.18335 0.184658 0.0933911
0.539244 0.16937 0.221445 0.0699411
0.503599 0.242619 0.146409 0.107373
0.497895 0.252423 0.128551 0.121131
0.498459 0.251554 0.128705 0.121282
0.440084 0.332385 0.0772215 0.150309
0.517081 0.211496 0.14776 0.123663
0.490765 0.252424 0.089465 0.167346
0.537495 0.188756 0.162326 0.111423
0.557533 0.161547 0.164872 0.116048
0.48218 0.275406 0.105306 0.137108
0.535835 0.175455 0.212337 0.0763724
0.447646 0.31543 0.0826352 0.154289
0.48355 0.27067 0.143644 0.102135
0.509881 0.226426 0.161967 0.101726
0.509881 0.226426 0.161967 0.101726
0.532302 0.177074 0.225995 0.0646289
0.533277 0.188899 0.179943 0.0978809
0.508657 0.232979 0.106463 0.1519
0.530044 0.182079 0.175838 0.112039
0.536361 0.186648 0.152748 0.124243
0.516017 0.207215 0.174455 0.102314
0.552892 0.159224 0.150086 0.137798
0.524085 0.194373 0.129271 0.152271
0.569565 0.140876 0.16279 0.12677
0.558805 0.15537 0.14132 0.144505
0.496674 0.252036 0.152054 0.0992358
0.493839 0.255914 0.148797 0.101451
0.494339 0.254242 0.123533 0.127886
0.493841 0.258317 0.123635 0.124208
0.479878 0.25603 0.0644709 0.199621
0.52037 0.208964 0.0876853 0.182981
0.505281 0.239616 0.127497 0.127607
0.482377 0.239961 0.096481 0.181181
0.529549 0.198795 0.154484 0.117172
0.525479 0.204788 0.165017 0.104716
0.534408 0.19396 0.152394 0.119238
0.556277 0.159964 0.179356 0.104403
0.579024 0.121424 0.193839 0.105713
0.567139 0.133236 0.190144 0.109481
0.574562 0.124979 0.195035 0.105424
0.563186 0.145058 0.175886 0.11587
0.543521 0.180806 0.132691 0.142982
0.513199 0.227423 0.125412 0.133965
0.541455 0.182907 0.14273 0.132908
0.523317 0.201479 0.175893 0.0993104
0.568864 0.140588 0.154328 0.13622
0.537766 0.175285 0.161753 0.125195
0.552353 0.162446 0.155406 0.129795
0.524841 0.18856 0.133274 0.153324
0.473986 0.282367 0.110118 0.133529
0.511215 0.232559 0.127401 0.128826
0.518271 0.213843 0.126787 0.1411
0.544054 0.174636 0.15701 0.1243
0.514144 0.227698 0.144797 0.11336
0.515399 0.224143 0.123997 0.136461
0.522074 0.213474 0.162076 0.102376
0.503506 0.242757 0.143286 0.11045
0.494415 0.256543 0.133885 0.115157
0.522426 0.214536 0.147208 0.115829
0.525439 0.205507 0.172315 0.0967385
0.493513 0.257396 0.138427 0.110664
0.542917 0.184311 0.140246 0.132526
0.516897 0.222449 0.149986 0.110668
0.519587 0.21286 0.168096 0.0994571
0.507924 0.233853 0.160128 0.0980954
0.521685 0.205821 0.143903 0.12859
0.45939 0.298215 0.0829066 0.159488
0.444539 0.32644 0.0785813 0.15044
0.465744 0.293243 0.0917874 0.149226
0.522101 0.21453 0.146696 0.116673
0.528752 0.203886 0.159145 0.108217
0.512867 0.228459 0.152973 0.1057
0.539466 0.187887 0.155451 0.117196
0.55262 0.163742 0.186633 0.0970049
0.557304 0.157532 0.185142 0.100022
0.547774 0.164856 0.202048 0.0853228
0.557859 0.148497 0.210884 0.0827599
0.515574 0.213686 0.144093 0.126647
0.510523 0.229801 0.120461 0.139215
0.497311 0.243218 0.0934905 0.16598
0.485605 0.265431 0.100715 0.14825
0.442881 0.329652 0.0911757 0.136291
0.485409 0.259255 0.180605 0.0747308
0.512165 0.221536 0.165292 0.101007
0.477361 0.280032 0.143623 0.0989836
0.496611 0.237454 0.183203 0.0827325
0.504036 0.242831 0.141973 0.11116
0.456052 0.309426 0.100016 0.134506
0.501699 0.233945 0.15511 0.109245
0.523202 0.203845 0.150601 0.122352
0.511091 0.226204 0.163159 0.0995462
0.532025 0.196854 0.169329 0.101791
0.533853 0.194502 0.159702 0.111943
0.558458 0.148717 0.184212 0.108613
0.543838 0.164243 0.184793 0.107126
0.528764 0.188905 0.1628 0.119531
0.552713 0.158733 0.164089 0.124465
0.56113 0.156944 0.135329 0.146596
0.562298 0.154572 0.152591 0.130539
0.525387 0.209439 0.121108 0.144065
0.53668 0.183584 0.149498 0.130238
0.54063 0.186512 0.131198 0.14166
0.511466 0.225635 0.119013 0.143886
0.530773 0.201467 0.13937 0.12839
0.524816 0.208475 0.123805 0.142904
0.531476 0.200445 0.155513 0.112565
0.537226 0.191564 0.145105 0.126104
0.507215 0.228234 0.0936645 0.170887
0.506433 0.232155 0.11615 0.145262
0.537501 0.188136 0.136367 0.137996
0.522097 0.207089 0.140642 0.130172
0.545841 0.17519 0.179718 0.0992517
0.534714 0.193419 0.120684 0.151183
0.553274 0.15727 0.145868 0.143589
0.56931 0.138173 0.151774 0.140742
0.56931 0.138173 0.151774 0.140742
0.550538 0.156052 0.153418 0.139992
0.459942 0.306042 0.129921 0.104095
0.473541 0.283999 0.129361 0.113099
0.506671 0.230963 0.170085 0.0922817
0.478515 0.27743 0.12813 0.115925
0.533861 0.195757 0.156314 0.114068
0.510626 0.229088 0.138022 0.122264
0.514028 0.221985 0.131857 0.13213
0.547825 0.17269 0.166053 0.113433
0.561442 0.148583 0.195561 0.0944134
0.56173 0.132196 0.236212 0.0698614
0.548946 0.168417 0.188177 0.0944602
0.538396 0.187224 0.164661 0.109719
0.545265 0.170633 0.159568 0.124534
0.544441 0.172244 0.131359 0.151955
0.530361 0.189242 0.196692 0.0837047
0.505382 0.226632 0.190779 0.0772071
0.504518 0.229699 0.188565 0.0772178
0.434908 0.340423 0.0822458 0.142423
0.529096 0.20127 0.153917 0.115717
0.551604 0.169498 0.130919 0.147979
0.478896 0.261351 0.171688 0.0880641
0.505201 0.23305 0.131053 0.130695
0.517297 0.221208 0.136397 0.125098
0.448568 0.318177 0.154714 0.0785417
0.539141 0.1672 0.15886 0.134799
0.539141 0.1672 0.15886 0.134799
0.580182 0.126203 0.141986 0.15163
0.565124 0.145659 0.177952 0.111265
0.513467 0.219658 0.130811 0.136064
0.525652 0.203946 0.123527 0.146875
0.495024 0.254756 0.109109 0.141112
0.48844 0.25097 0.0920745 0.168515
0.524598 0.200024 0.118043 0.157334
0.53489 0.189763 0.116986 0.158361
0.526054 0.195938 0.113331 0.164677
0.516358 0.211766 0.141604 0.130272
0.524185 0.212879 0.122084 0.140852
0.470707 0.27968 0.080748 0.168865
0.451267 0.29837 0.0802127 0.17015
0.456684 0.296818 0.0781144 0.168384
0.521882 0.212129 0.113573 0.152416
0.521572 0.208136 0.104984 0.165308
0.532866 0.196621 0.128136 0.142377
0.558052 0.148461 0.198046 0.0954412
